NA,NA,NA,NA,NA,NA,NA,NA,NA,NA,NA,NA,NA,NA,NA,NA,NA,NA,NA,NA,NA,NA,NA,NA,NA,NA,NA,NA,NA,NA,NA,NA,NA,NA,NA,NA,NA,NA, -1.60962E-03, -1.21704E-03, -8.24439E-04, -4.34301E-04, -4.92106E-05,  3.28195E-04,  6.95260E-04,  1.04936E-03,  1.38794E-03,  1.70861E-03,  2.00914E-03,  2.28760E-03,  2.54232E-03,  2.77202E-03,  2.97581E-03,  3.15319E-03,  3.30411E-03,  3.42894E-03,  3.52843E-03,  3.60370E-03,  3.65618E-03,  3.68757E-03,  3.69974E-03,  3.69472E-03,  3.67457E-03,  3.64139E-03,  3.59722E-03,  3.54401E-03,  3.48359E-03,  3.41762E-03,  3.34762E-03,  3.27491E-03,  3.20063E-03,NA,NA,NA,NA,NA,NA,NA,NA,NA,NA,NA,NA,NA,NA,NA,NA,NA,NA,NA,NA,NA,NA,NA,
NA,NA,NA,NA,NA,NA,NA,NA,NA,NA,NA,NA,NA,NA,NA,NA,NA,NA,NA,NA,NA,NA,NA,NA,NA,NA,NA,NA,NA,NA,NA,NA,NA,NA,NA,NA, -2.42193E-03, -2.00296E-03, -1.57839E-03, -1.15071E-03, -7.22594E-04, -2.96844E-04,  1.23601E-04,  5.35716E-04,  9.36440E-04,  1.32272E-03,  1.69159E-03,  2.04022E-03,  2.36602E-03,  2.66667E-03,  2.94023E-03,  3.18517E-03,  3.40046E-03,  3.58555E-03,  3.74042E-03,  3.86553E-03,  3.96187E-03,  4.03083E-03,  4.07419E-03,  4.09401E-03,  4.09259E-03,  4.07237E-03,  4.03585E-03,  3.98549E-03,  3.92372E-03,  3.85281E-03,  3.77485E-03,  3.69177E-03,  3.60525E-03,  3.51676E-03,  3.42754E-03,  3.33864E-03,  3.25088E-03,NA,NA,NA,NA,NA,NA,NA,NA,NA,NA,NA,NA,NA,NA,NA,NA,NA,NA,NA,NA,NA,
NA,NA,NA,NA,NA,NA,NA,NA,NA,NA,NA,NA,NA,NA,NA,NA,NA,NA,NA,NA,NA,NA,NA,NA,NA,NA,NA,NA,NA,NA,NA,NA,NA,NA, -3.34213E-03, -2.90705E-03, -2.46033E-03, -2.00428E-03, -1.54145E-03, -1.07461E-03, -6.06732E-04, -1.41006E-04,  3.19227E-04,  7.70497E-04,  1.20926E-03,  1.63197E-03,  2.03513E-03,  2.41542E-03,  2.76976E-03,  3.09538E-03,  3.38999E-03,  3.65176E-03,  3.87948E-03,  4.07251E-03,  4.23087E-03,  4.35520E-03,  4.44672E-03,  4.50719E-03,  4.53881E-03,  4.54413E-03,  4.52595E-03,  4.48724E-03,  4.43098E-03,  4.36015E-03,  4.27757E-03,  4.18590E-03,  4.08758E-03,  3.98477E-03,  3.87936E-03,  3.77297E-03,  3.66694E-03,  3.56236E-03,  3.46008E-03,  3.36074E-03,  3.26480E-03,NA,NA,NA,NA,NA,NA,NA,NA,NA,NA,NA,NA,NA,NA,NA,NA,NA,NA,NA,
NA,NA,NA,NA,NA,NA,NA,NA,NA,NA,NA,NA,NA,NA,NA,NA,NA,NA,NA,NA,NA,NA,NA,NA,NA,NA,NA,NA,NA,NA,NA,NA, -4.35577E-03, -3.91678E-03, -3.45998E-03, -2.98737E-03, -2.50119E-03, -2.00396E-03, -1.49850E-03, -9.87875E-04, -4.75415E-04,  3.52891E-05,  5.40429E-04,  1.03602E-03,  1.51794E-03,  1.98205E-03,  2.42424E-03,  2.84055E-03,  3.22731E-03,  3.58121E-03,  3.89948E-03,  4.17994E-03,  4.42111E-03,  4.62229E-03,  4.78353E-03,  4.90568E-03,  4.99028E-03,  5.03953E-03,  5.05618E-03,  5.04339E-03,  5.00459E-03,  4.94338E-03,  4.86339E-03,  4.76813E-03,  4.66097E-03,  4.54501E-03,  4.42303E-03,  4.29751E-03,  4.17054E-03,  4.04389E-03,  3.91899E-03,  3.79696E-03,  3.67865E-03,  3.56466E-03,  3.45537E-03,  3.35102E-03,  3.25166E-03,NA,NA,NA,NA,NA,NA,NA,NA,NA,NA,NA,NA,NA,NA,NA,NA,NA,
NA,NA,NA,NA,NA,NA,NA,NA,NA,NA,NA,NA,NA,NA,NA,NA,NA,NA,NA,NA,NA,NA,NA,NA,NA,NA,NA,NA,NA,NA,NA, -5.01354E-03, -4.56040E-03, -4.08503E-03, -3.58925E-03, -3.07521E-03, -2.54533E-03, -2.00235E-03, -1.44934E-03, -8.89691E-04, -3.27132E-04,  2.34298E-04,  7.90264E-04,  1.33618E-03,  1.86727E-03,  2.37865E-03,  2.86548E-03,  3.32301E-03,  3.74684E-03,  4.13296E-03,  4.47801E-03,  4.77934E-03,  5.03518E-03,  5.24467E-03,  5.40795E-03,  5.52610E-03,  5.60109E-03,  5.63572E-03,  5.63339E-03,  5.59804E-03,  5.53389E-03,  5.44535E-03,  5.33679E-03,  5.21243E-03,  5.07624E-03,  4.93183E-03,  4.78243E-03,  4.63079E-03,  4.47925E-03,  4.32972E-03,  4.18370E-03,  4.04231E-03,  3.90637E-03,  3.77639E-03,  3.65268E-03,  3.53533E-03,  3.42430E-03,  3.31940E-03,NA,NA,NA,NA,NA,NA,NA,NA,NA,NA,NA,NA,NA,NA,NA,NA,
NA,NA,NA,NA,NA,NA,NA,NA,NA,NA,NA,NA,NA,NA,NA,NA,NA,NA,NA,NA,NA,NA,NA,NA,NA,NA,NA,NA,NA, -6.17336E-03, -5.73870E-03, -5.27574E-03, -4.78581E-03, -4.27055E-03, -3.73190E-03, -3.17212E-03, -2.59382E-03, -1.99995E-03, -1.39386E-03, -7.79267E-04, -1.60320E-04,  4.58444E-04,  1.07210E-03,  1.67536E-03,  2.26267E-03,  2.82830E-03,  3.36645E-03,  3.87145E-03,  4.33794E-03,  4.76105E-03,  5.13664E-03,  5.46147E-03,  5.73336E-03,  5.95128E-03,  6.11545E-03,  6.22727E-03,  6.28927E-03,  6.30496E-03,  6.27865E-03,  6.21523E-03,  6.11995E-03,  5.99818E-03,  5.85524E-03,  5.69619E-03,  5.52573E-03,  5.34806E-03,  5.16686E-03,  4.98525E-03,  4.80578E-03,  4.63048E-03,  4.46089E-03,  4.29811E-03,  4.14286E-03,  3.99555E-03,  3.85632E-03,  3.72511E-03,  3.60171E-03,  3.48580E-03,  3.37696E-03,  3.27474E-03,NA,NA,NA,NA,NA,NA,NA,NA,NA,NA,NA,NA,NA,NA,
NA,NA,NA,NA,NA,NA,NA,NA,NA,NA,NA,NA,NA,NA,NA,NA,NA,NA,NA,NA,NA,NA,NA,NA, -8.36476E-03, -8.06666E-03, -7.73435E-03, -7.36770E-03, -6.96686E-03, -6.53227E-03, -6.06468E-03, -5.56515E-03, -5.03504E-03, -4.47606E-03, -3.89024E-03, -3.27997E-03, -2.64802E-03, -1.99754E-03, -1.33215E-03, -6.55912E-04,  2.65948E-05,  7.10294E-04,  1.38959E-03,  2.05843E-03,  2.71031E-03,  3.33847E-03,  3.93598E-03,  4.49599E-03,  5.01194E-03,  5.47784E-03,  5.88857E-03,  6.24007E-03,  6.52965E-03,  6.75605E-03,  6.91957E-03,  7.02205E-03,  7.06672E-03,  7.05805E-03,  7.00149E-03,  6.90317E-03,  6.76961E-03,  6.60744E-03,  6.42311E-03,  6.22271E-03,  6.01178E-03,  5.79523E-03,  5.57724E-03,  5.36129E-03,  5.15015E-03,  4.94592E-03,  4.75014E-03,  4.56382E-03,  4.38754E-03,  4.22152E-03,  4.06571E-03,  3.91984E-03,  3.78347E-03,  3.65607E-03,  3.53704E-03,  3.42576E-03,  3.32159E-03,NA,NA,NA,NA,NA,NA,NA,NA,NA,NA,NA,NA,NA,
NA,NA,NA,NA,NA,NA,NA,NA,NA,NA,NA,NA,NA,NA,NA,NA,NA,NA,NA, -9.90431E-03, -9.76725E-03, -9.59750E-03, -9.39352E-03, -9.15401E-03, -8.87785E-03, -8.56420E-03, -8.21250E-03, -7.82250E-03, -7.39425E-03, -6.92815E-03, -6.42491E-03, -5.88560E-03, -5.31163E-03, -4.70474E-03, -4.06705E-03, -3.40105E-03, -2.70965E-03, -1.99620E-03, -1.26455E-03, -5.19100E-04,  2.35136E-04,  9.92511E-04,  1.74671E-03,  2.49076E-03,  3.21711E-03,  3.91774E-03,  4.58432E-03,  5.20852E-03,  5.78226E-03,  6.29810E-03,  6.74961E-03,  7.13170E-03,  7.44093E-03,  7.67577E-03,  7.83661E-03,  7.92584E-03,  7.94764E-03,  7.90773E-03,  7.81302E-03,  7.67127E-03,  7.49063E-03,  7.27926E-03,  7.04506E-03,  6.79535E-03,  6.53667E-03,  6.27470E-03,  6.01420E-03,  5.75900E-03,  5.51203E-03,  5.27546E-03,  5.05071E-03,  4.83864E-03,  4.63960E-03,  4.45355E-03,  4.28016E-03,  4.11888E-03,  3.96901E-03,  3.82977E-03,  3.70031E-03,  3.57980E-03,  3.46742E-03,  3.36238E-03,NA,NA,NA,NA,NA,NA,NA,NA,NA,NA,NA,NA,
NA,NA,NA,NA,NA,NA,NA,NA,NA,NA,NA,NA,NA,NA,NA,NA, -1.06992E-02, -1.06592E-02, -1.05898E-02, -1.04888E-02, -1.03539E-02, -1.01833E-02, -9.97511E-03, -9.72769E-03, -9.43972E-03, -9.11012E-03, -8.73816E-03, -8.32344E-03, -7.86591E-03, -7.36589E-03, -6.82407E-03, -6.24152E-03, -5.61966E-03, -4.96030E-03, -4.26559E-03, -3.53812E-03, -2.78089E-03, -1.99741E-03, -1.19173E-03, -3.68557E-04,  4.66692E-04,  1.30778E-03,  2.14762E-03,  2.97824E-03,  3.79083E-03,  4.57587E-03,  5.32333E-03,  6.02298E-03,  6.66482E-03,  7.23949E-03,  7.73884E-03,  8.15637E-03,  8.48769E-03,  8.73080E-03,  8.88626E-03,  8.95718E-03,  8.94897E-03,  8.86901E-03,  8.72619E-03,  8.53032E-03,  8.29164E-03,  8.02031E-03,  7.72598E-03,  7.41743E-03,  7.10241E-03,  6.78747E-03,  6.47794E-03,  6.17799E-03,  5.89068E-03,  5.61809E-03,  5.36147E-03,  5.12141E-03,  4.89793E-03,  4.69061E-03,  4.49877E-03,  4.32149E-03,  4.15773E-03,  4.00639E-03,  3.86637E-03,  3.73657E-03,  3.61597E-03,  3.50358E-03,  3.39853E-03,NA,NA,NA,NA,NA,NA,NA,NA,NA,NA,NA,
NA,NA,NA,NA,NA,NA,NA,NA,NA,NA,NA,NA,NA, -1.12242E-02, -1.12758E-02, -1.13035E-02, -1.13046E-02, -1.12765E-02, -1.12167E-02, -1.11227E-02, -1.09918E-02, -1.08217E-02, -1.06104E-02, -1.03557E-02, -1.00562E-02, -9.71032E-03, -9.31726E-03, -8.87642E-03, -8.38761E-03, -7.85110E-03, -7.26754E-03, -6.63798E-03, -5.96388E-03, -5.24705E-03, -4.48971E-03, -3.69449E-03, -2.86444E-03, -2.00315E-03, -1.11483E-03, -2.04385E-04,  7.22387E-04,  1.65870E-03,  2.59667E-03,  3.52721E-03,  4.44009E-03,  5.32398E-03,  6.16675E-03,  6.95581E-03,  7.67860E-03,  8.32329E-03,  8.87940E-03,  9.33852E-03,  9.69492E-03,  9.94600E-03,  1.00925E-02,  1.01385E-02,  1.00910E-02,  9.95975E-03,  9.75610E-03,  9.49264E-03,  9.18231E-03,  8.83777E-03,  8.47083E-03,  8.09208E-03,  7.71063E-03,  7.33398E-03,  6.96806E-03,  6.61729E-03,  6.28473E-03,  5.97228E-03,  5.68087E-03,  5.41063E-03,  5.16113E-03,  4.93146E-03,  4.72046E-03,  4.52675E-03,  4.34889E-03,  4.18539E-03,  4.03481E-03,  3.89579E-03,  3.76705E-03,  3.64741E-03,  3.53583E-03,  3.43135E-03,NA,NA,NA,NA,NA,NA,NA,NA,NA,NA,
NA,NA,NA,NA,NA,NA,NA,NA,NA,NA,NA, -1.16149E-02, -1.17283E-02, -1.18219E-02, -1.18930E-02, -1.19389E-02, -1.19566E-02, -1.19432E-02, -1.18956E-02, -1.18109E-02, -1.16862E-02, -1.15185E-02, -1.13054E-02, -1.10445E-02, -1.07337E-02, -1.03715E-02, -9.95656E-03, -9.48816E-03, -8.96599E-03, -8.39022E-03, -7.76148E-03, -7.08082E-03, -6.34971E-03, -5.57000E-03, -4.74393E-03, -3.87412E-03, -2.96363E-03, -2.01603E-03, -1.03555E-03, -2.72195E-05,  1.00291E-03,  2.04760E-03,  3.09816E-03,  4.14435E-03,  5.17430E-03,  6.17459E-03,  7.13045E-03,  8.02628E-03,  8.84626E-03,  9.57520E-03,  1.01995E-02,  1.07081E-02,  1.10934E-02,  1.13520E-02,  1.14847E-02,  1.14971E-02,  1.13983E-02,  1.12011E-02,  1.09204E-02,  1.05723E-02,  1.01733E-02,  9.73918E-03,  9.28451E-03,  8.82200E-03,  8.36230E-03,  7.91393E-03,  7.48335E-03,  7.07511E-03,  6.69211E-03,  6.33586E-03,  6.00675E-03,  5.70431E-03,  5.42743E-03,  5.17459E-03,  4.94398E-03,  4.73368E-03,  4.54171E-03,  4.36618E-03,  4.20524E-03,  4.05721E-03,  3.92054E-03,  3.79383E-03,  3.67586E-03,  3.56554E-03,  3.46193E-03,NA,NA,NA,NA,NA,NA,NA,NA,NA,
NA,NA,NA,NA,NA,NA,NA,NA,NA, -1.18809E-02, -1.20509E-02, -1.22058E-02, -1.23433E-02, -1.24604E-02, -1.25542E-02, -1.26216E-02, -1.26592E-02, -1.26637E-02, -1.26315E-02, -1.25591E-02, -1.24431E-02, -1.22802E-02, -1.20671E-02, -1.18012E-02, -1.14800E-02, -1.11013E-02, -1.06638E-02, -1.01664E-02, -9.60863E-03, -8.99062E-03, -8.31295E-03, -7.57672E-03, -6.78342E-03, -5.93495E-03, -5.03352E-03, -4.08172E-03, -3.08253E-03, -2.03937E-03, -9.56352E-04,  1.61573E-04,  1.30830E-03,  2.47627E-03,  3.65613E-03,  4.83646E-03,  6.00361E-03,  7.14164E-03,  8.23262E-03,  9.25708E-03,  1.01949E-02,  1.10264E-02,  1.17337E-02,  1.23020E-02,  1.27212E-02,  1.29866E-02,  1.30992E-02,  1.30664E-02,  1.29006E-02,  1.26184E-02,  1.22396E-02,  1.17852E-02,  1.12761E-02,  1.07322E-02,  1.01715E-02,  9.60907E-03,  9.05735E-03,  8.52586E-03,  8.02145E-03,  7.54861E-03,  7.10980E-03,  6.70586E-03,  6.33636E-03,  5.99998E-03,  5.69471E-03,  5.41821E-03,  5.16789E-03,  4.94113E-03,  4.73537E-03,  4.54817E-03,  4.37727E-03,  4.22061E-03,  4.07635E-03,  3.94287E-03,  3.81875E-03,  3.70276E-03,  3.59385E-03,  3.49112E-03,NA,NA,NA,NA,NA,NA,NA,NA,
NA,NA,NA,NA,NA,NA,NA,NA, -1.22439E-02, -1.24535E-02, -1.26507E-02, -1.28333E-02, -1.29982E-02, -1.31424E-02, -1.32627E-02, -1.33554E-02, -1.34169E-02, -1.34430E-02, -1.34299E-02, -1.33734E-02, -1.32694E-02, -1.31140E-02, -1.29034E-02, -1.26342E-02, -1.23034E-02, -1.19087E-02, -1.14479E-02, -1.09200E-02, -1.03243E-02, -9.66075E-03, -8.93006E-03, -8.13334E-03, -7.27217E-03, -6.34850E-03, -5.36455E-03, -4.32281E-03, -3.22604E-03, -2.07741E-03, -8.80645E-04,  3.59647E-04,  1.63761E-03,  2.94566E-03,  4.27400E-03,  5.61015E-03,  6.93856E-03,  8.24044E-03,  9.49395E-03,  1.06747E-02,  1.17570E-02,NA,NA,NA,NA,NA,NA,NA,NA,  1.42418E-02,  1.37377E-02,  1.31491E-02,  1.25030E-02,  1.18245E-02,  1.11354E-02,  1.04539E-02,  9.79421E-03,  9.16678E-03,  8.57857E-03,  8.03365E-03,  7.53366E-03,  7.07837E-03,  6.66619E-03,  6.29459E-03,  5.96043E-03,  5.66027E-03,  5.39060E-03,  5.14795E-03,  4.92904E-03,  4.73084E-03,  4.55061E-03,  4.38589E-03,  4.23454E-03,  4.09468E-03,  3.96471E-03,  3.84326E-03,  3.72918E-03,  3.62151E-03,  3.51943E-03,NA,NA,NA,NA,NA,NA,NA,
NA,NA,NA,NA,NA,NA, -1.23135E-02, -1.25691E-02, -1.28178E-02, -1.30574E-02, -1.32854E-02, -1.34991E-02, -1.36954E-02, -1.38709E-02, -1.40219E-02, -1.41444E-02, -1.42342E-02, -1.42866E-02, -1.42971E-02, -1.42607E-02, -1.41727E-02, -1.40283E-02, -1.38231E-02, -1.35529E-02, -1.32141E-02, -1.28036E-02, -1.23192E-02, -1.17592E-02, -1.11230E-02, -1.04103E-02, -9.62206E-03, -8.75940E-03, -7.82410E-03, -6.81821E-03, -5.74398E-03, -4.60375E-03, -3.40001E-03, -2.13539E-03, -8.12970E-04,  5.63385E-04,  1.98852E-03,  3.45532E-03,  4.95398E-03,  6.47123E-03,  7.98967E-03,  9.48733E-03,NA,NA,NA,NA,NA,NA,NA,NA,NA,NA,NA,NA,NA,NA,  1.38665E-02,  1.30224E-02,  1.21781E-02,  1.13550E-02,  1.05691E-02,  9.83158E-03,  9.14898E-03,  8.52442E-03,  7.95817E-03,  7.44841E-03,  6.99192E-03,  6.58454E-03,  6.22166E-03,  5.89852E-03,  5.61042E-03,  5.35292E-03,  5.12193E-03,  4.91375E-03,  4.72509E-03,  4.55309E-03,  4.39526E-03,  4.24952E-03,  4.11407E-03,  3.98741E-03,  3.86832E-03,  3.75576E-03,  3.64890E-03,  3.54705E-03,NA,NA,NA,NA,NA,NA,
NA,NA,NA,NA,NA, -1.25625E-02, -1.28530E-02, -1.31398E-02, -1.34208E-02, -1.36939E-02, -1.39564E-02, -1.42053E-02, -1.44373E-02, -1.46487E-02, -1.48353E-02, -1.49928E-02, -1.51162E-02, -1.52002E-02, -1.52396E-02, -1.52285E-02, -1.51614E-02, -1.50325E-02, -1.48364E-02, -1.45681E-02, -1.42233E-02, -1.37980E-02, -1.32896E-02, -1.26960E-02, -1.20164E-02, -1.12506E-02, -1.03996E-02, -9.46487E-03, -8.44843E-03, -7.35258E-03, -6.17964E-03, -4.93184E-03, -3.61121E-03, -2.21967E-03, -7.59220E-04,  7.67555E-04,  2.35687E-03,  4.00281E-03,  5.69629E-03,  7.42385E-03,NA,NA,NA,NA,NA,NA,NA,NA,NA,NA,NA,NA,NA,NA,NA,NA,NA,NA,  1.32989E-02,  1.23079E-02,  1.13754E-02,  1.05124E-02,  9.72451E-03,  9.01307E-03,  8.37620E-03,  7.80978E-03,  7.30834E-03,  6.86563E-03,  6.47516E-03,  6.13052E-03,  5.82564E-03,  5.55495E-03,  5.31343E-03,  5.09663E-03,  4.90073E-03,  4.72242E-03,  4.55890E-03,  4.40786E-03,  4.26734E-03,  4.13575E-03,  4.01179E-03,  3.89439E-03,  3.78270E-03,  3.67604E-03,  3.57384E-03,NA,NA,NA,NA,NA,
NA,NA,NA,NA, -1.27691E-02, -1.30926E-02, -1.34158E-02, -1.37368E-02, -1.40536E-02, -1.43640E-02, -1.46650E-02, -1.49536E-02, -1.52262E-02, -1.54787E-02, -1.57067E-02, -1.59050E-02, -1.60682E-02, -1.61903E-02, -1.62649E-02, -1.62855E-02, -1.62452E-02, -1.61372E-02, -1.59551E-02, -1.56926E-02, -1.53443E-02, -1.49056E-02, -1.43730E-02, -1.37442E-02, -1.30180E-02, -1.21945E-02, -1.12749E-02, -1.02610E-02, -9.15554E-03, -7.96109E-03, -6.68026E-03, -5.31519E-03, -3.86740E-03, -2.33779E-03, -7.26811E-04,  9.64956E-04,  2.73602E-03,  4.58279E-03,  6.49804E-03,NA,NA,NA,NA,NA,NA,NA,NA,NA,NA,NA,NA,NA,NA,NA,NA,NA,NA,NA,NA,  1.33038E-02,  1.22020E-02,  1.11976E-02,  1.02939E-02,  9.48934E-03,  8.77878E-03,  8.15496E-03,  7.60939E-03,  7.13315E-03,  6.71740E-03,  6.35379E-03,  6.03465E-03,  5.75310E-03,  5.50312E-03,  5.27951E-03,  5.07783E-03,  4.89438E-03,  4.72608E-03,  4.57039E-03,  4.42524E-03,  4.28898E-03,  4.16025E-03,  4.03801E-03,  3.92140E-03,  3.80976E-03,  3.70256E-03,NA,NA,NA,NA,NA,
NA,NA,NA, -1.29319E-02, -1.32861E-02, -1.36433E-02, -1.40020E-02, -1.43605E-02, -1.47167E-02, -1.50683E-02, -1.54124E-02, -1.57456E-02, -1.60643E-02, -1.63639E-02, -1.66396E-02, -1.68856E-02, -1.70959E-02, -1.72635E-02, -1.73811E-02, -1.74410E-02, -1.74349E-02, -1.73547E-02, -1.71925E-02, -1.69407E-02, -1.65926E-02, -1.61425E-02, -1.55860E-02, -1.49202E-02, -1.41438E-02, -1.32572E-02, -1.22619E-02, -1.11608E-02, -9.95700E-03, -8.65415E-03, -7.25527E-03, -5.76260E-03, -4.17711E-03, -2.49838E-03, -7.24770E-04,  1.14608E-03,  3.11624E-03,  5.18597E-03,NA,NA,NA,NA,NA,NA,NA,NA,NA,NA,NA,NA,NA,NA,NA,NA,NA,NA,NA,NA,NA,NA,  1.30327E-02,  1.18711E-02,  1.08423E-02,  9.94011E-03,  9.15493E-03,  8.47508E-03,  7.88819E-03,  7.38198E-03,  6.94480E-03,  6.56600E-03,  6.23609E-03,  5.94680E-03,  5.69102E-03,  5.46278E-03,  5.25708E-03,  5.06985E-03,  4.89774E-03,  4.73808E-03,  4.58872E-03,  4.44799E-03,  4.31456E-03,  4.18739E-03,  4.06567E-03,  3.94881E-03,  3.83631E-03,  3.72783E-03,NA,NA,NA,NA,
NA,NA, -1.30501E-02, -1.34322E-02, -1.38205E-02, -1.42140E-02, -1.46113E-02, -1.50108E-02, -1.54103E-02, -1.58075E-02, -1.61995E-02, -1.65828E-02, -1.69536E-02, -1.73069E-02, -1.76376E-02, -1.79393E-02, -1.82051E-02, -1.84272E-02, -1.85970E-02, -1.87054E-02, -1.87426E-02, -1.86988E-02, -1.85643E-02, -1.83297E-02, -1.79865E-02, -1.75277E-02, -1.69478E-02, -1.62432E-02, -1.54125E-02, -1.44563E-02, -1.33771E-02, -1.21787E-02, -1.08657E-02, -9.44302E-03, -7.91466E-03, -6.28324E-03, -4.54931E-03, -2.71092E-03, -7.63656E-04,  1.29887E-03,  3.48394E-03,NA,NA,NA,NA,NA,NA,NA,NA,NA,NA,NA,NA,NA,NA,NA,NA,NA,NA,NA,NA,NA,NA,NA,NA,  1.25107E-02,  1.13502E-02,  1.03492E-02,  9.49155E-03,  8.76001E-03,  8.13724E-03,  7.60685E-03,  7.15391E-03,  6.76516E-03,  6.42912E-03,  6.13601E-03,  5.87768E-03,  5.64739E-03,  5.43966E-03,  5.25010E-03,  5.07520E-03,  4.91223E-03,  4.75902E-03,  4.61395E-03,  4.47574E-03,  4.34344E-03,  4.21633E-03,  4.09388E-03,  3.97569E-03,  3.86146E-03,  3.75097E-03,NA,NA,NA,
NA, -1.31238E-02, -1.35306E-02, -1.39468E-02, -1.43718E-02, -1.48044E-02, -1.52435E-02, -1.56874E-02, -1.61343E-02, -1.65817E-02, -1.70269E-02, -1.74663E-02, -1.78957E-02, -1.83103E-02, -1.87042E-02, -1.90707E-02, -1.94018E-02, -1.96889E-02, -1.99220E-02, -2.00902E-02, -2.01820E-02, -2.01854E-02, -2.00884E-02, -1.98793E-02, -1.95475E-02, -1.90840E-02, -1.84818E-02, -1.77365E-02, -1.68465E-02, -1.58128E-02, -1.46393E-02, -1.33313E-02, -1.18958E-02, -1.03396E-02, -8.66850E-03, -6.88609E-03, -4.99282E-03, -2.98511E-03, -8.55165E-04,  1.40875E-03,NA,NA,NA,NA,NA,NA,NA,NA,NA,NA,NA,NA,NA,NA,NA,NA,NA,NA,NA,NA,NA,NA,NA,NA,NA,NA,  1.17935E-02,  1.06970E-02,  9.77357E-03,  8.99862E-03,  8.34874E-03,  7.80272E-03,  7.34185E-03,  6.95002E-03,  6.61366E-03,  6.32152E-03,  6.06442E-03,  5.83499E-03,  5.62738E-03,  5.43699E-03,  5.26028E-03,  5.09453E-03,  4.93770E-03,  4.78824E-03,  4.64503E-03,  4.50725E-03,  4.37430E-03,  4.24577E-03,  4.12135E-03,  4.00085E-03,  3.88410E-03,NA,NA,NA,
 -1.31534E-02, -1.35817E-02, -1.40223E-02, -1.44749E-02, -1.49389E-02, -1.54134E-02, -1.58975E-02, -1.63897E-02, -1.68882E-02, -1.73908E-02, -1.78947E-02, -1.83965E-02, -1.88919E-02, -1.93760E-02, -1.98424E-02, -2.02840E-02, -2.06920E-02, -2.10565E-02, -2.13661E-02, -2.16080E-02, -2.17684E-02, -2.18327E-02, -2.17858E-02, -2.16133E-02, -2.13014E-02, -2.08388E-02, -2.02162E-02, -1.94282E-02, -1.84728E-02, -1.73518E-02, -1.60708E-02, -1.46379E-02, -1.30630E-02, -1.13563E-02, -9.52640E-03, -7.57907E-03, -5.51523E-03, -3.32986E-03, -1.01125E-03,NA,NA,NA,NA,NA,NA,NA,NA,NA,NA,NA,NA,NA,NA,NA,NA,NA,NA,NA,NA,NA,NA,NA,NA,NA,NA,NA,NA,  1.09608E-02,  9.98433E-03,  9.17931E-03,  8.51522E-03,  7.96530E-03,  7.50674E-03,  7.12045E-03,  6.79081E-03,  6.50519E-03,  6.25358E-03,  6.02814E-03,  5.82282E-03,  5.63303E-03,  5.45531E-03,  5.28714E-03,  5.12665E-03,  4.97253E-03,  4.82387E-03,  4.68004E-03,  4.54062E-03,  4.40533E-03,  4.27401E-03,  4.14656E-03,  4.02291E-03,  3.90303E-03,NA,NA,
 -1.35866E-02, -1.40479E-02, -1.45241E-02, -1.50152E-02, -1.55207E-02, -1.60401E-02, -1.65724E-02, -1.71166E-02, -1.76711E-02, -1.82339E-02, -1.88025E-02, -1.93735E-02, -1.99428E-02, -2.05054E-02, -2.10547E-02, -2.15832E-02, -2.20813E-02, -2.25379E-02, -2.29399E-02, -2.32724E-02, -2.35188E-02, -2.36612E-02, -2.36809E-02, -2.35593E-02, -2.32792E-02, -2.28251E-02, -2.21854E-02, -2.13526E-02, -2.03244E-02, -1.91037E-02, -1.76983E-02, -1.61203E-02, -1.43842E-02, -1.25052E-02, -1.04966E-02, -8.36772E-03, -6.12132E-03, -3.75154E-03, -1.24248E-03,NA,NA,NA,NA,NA,NA,NA,NA,NA,NA,NA,NA,NA,NA,NA,NA,NA,NA,NA,NA,NA,NA,NA,NA,NA,NA,NA,NA,  1.11155E-02,  1.01064E-02,  9.29091E-03,  8.63031E-03,  8.09185E-03,  7.64842E-03,  7.27807E-03,  6.96330E-03,  6.69039E-03,  6.44879E-03,  6.23048E-03,  6.02949E-03,  5.84146E-03,  5.66325E-03,  5.49265E-03,  5.32816E-03,  5.16880E-03,  5.01394E-03,  4.86322E-03,  4.71643E-03,  4.57351E-03,  4.43442E-03,  4.29920E-03,  4.16788E-03,  4.04049E-03,NA,NA,
 -1.40252E-02, -1.45210E-02, -1.50347E-02, -1.55663E-02, -1.61158E-02, -1.66827E-02, -1.72666E-02, -1.78666E-02, -1.84816E-02, -1.91098E-02, -1.97491E-02, -2.03965E-02, -2.10481E-02, -2.16990E-02, -2.23427E-02, -2.29713E-02, -2.35746E-02, -2.41404E-02, -2.46539E-02, -2.50977E-02, -2.54518E-02, -2.56944E-02, -2.58020E-02, -2.57508E-02, -2.55181E-02, -2.50838E-02, -2.44321E-02, -2.35527E-02, -2.24426E-02, -2.11060E-02, -1.95541E-02, -1.78045E-02, -1.58782E-02, -1.37981E-02, -1.15847E-02, -9.25336E-03, -6.81068E-03, -4.25123E-03,NA,NA,NA,NA,NA,NA,NA,NA,NA,NA,NA,NA,NA,NA,NA,NA,NA,NA,NA,NA,NA,NA,NA,NA,NA,NA,NA,NA,NA,NA,NA,  9.32395E-03,  8.69000E-03,  8.18216E-03,  7.76928E-03,  7.42685E-03,  7.13598E-03,  6.88233E-03,  6.65525E-03,  6.44698E-03,  6.25198E-03,  6.06641E-03,  5.88770E-03,  5.71420E-03,  5.54491E-03,  5.37928E-03,  5.21709E-03,  5.05830E-03,  4.90299E-03,  4.75129E-03,  4.60336E-03,  4.45937E-03,  4.31945E-03,  4.18372E-03,  4.05226E-03,NA,
 -1.44678E-02, -1.49996E-02, -1.55524E-02, -1.61266E-02, -1.67223E-02, -1.73395E-02, -1.79781E-02, -1.86377E-02, -1.93176E-02, -2.00164E-02, -2.07326E-02, -2.14638E-02, -2.22064E-02, -2.29561E-02, -2.37066E-02, -2.44500E-02, -2.51759E-02, -2.58709E-02, -2.65186E-02, -2.70988E-02, -2.75879E-02, -2.79588E-02, -2.81822E-02, -2.82273E-02, -2.80641E-02, -2.76654E-02, -2.70096E-02, -2.60824E-02, -2.48793E-02, -2.34059E-02, -2.16782E-02, -1.97211E-02, -1.75657E-02, -1.52454E-02, -1.27920E-02, -1.02305E-02, -7.57429E-03, -4.82086E-03,NA,NA,NA,NA,NA,NA,NA,NA,NA,NA,NA,NA,NA,NA,NA,NA,NA,NA,NA,NA,NA,NA,NA,NA,NA,NA,NA,NA,NA,NA,NA,NA,  8.69414E-03,  8.23990E-03,  7.87527E-03,  7.57398E-03,  7.31648E-03,  7.08855E-03,  6.88009E-03,  6.68413E-03,  6.49605E-03,  6.31291E-03,  6.13300E-03,  5.95544E-03,  5.77992E-03,  5.60648E-03,  5.43536E-03,  5.26693E-03,  5.10157E-03,  4.93968E-03,  4.78161E-03,  4.62765E-03,  4.47806E-03,  4.33303E-03,  4.19268E-03,NA,
 -1.49129E-02, -1.54820E-02, -1.60755E-02, -1.66940E-02, -1.73381E-02, -1.80082E-02, -1.87046E-02, -1.94274E-02, -2.01764E-02, -2.09510E-02, -2.17502E-02, -2.25724E-02, -2.34151E-02, -2.42744E-02, -2.51450E-02, -2.60193E-02, -2.68870E-02, -2.77342E-02, -2.85430E-02, -2.92904E-02, -2.99484E-02, -3.04840E-02, -3.08600E-02, -3.10363E-02,NA,NA,NA,NA,NA,NA,NA,NA,NA, -1.68555E-02, -1.41134E-02, -1.12831E-02, -8.38987E-03, -5.43753E-03,NA,NA,NA,NA,NA,NA,NA,NA,NA,NA,NA,NA,NA,NA,NA,NA,NA,NA,NA,NA,NA,NA,NA,NA,NA,NA,NA,NA,NA,NA,NA,NA,NA,  8.27412E-03,  7.97711E-03,  7.73067E-03,  7.51576E-03,  7.31929E-03,  7.13256E-03,  6.95011E-03,  6.76876E-03,  6.58695E-03,  6.40415E-03,  6.22051E-03,  6.03659E-03,  5.85311E-03,  5.67091E-03,  5.49079E-03,  5.31350E-03,  5.13968E-03,  4.96990E-03,  4.80458E-03,  4.64408E-03,  4.48864E-03,  4.33843E-03,  4.19356E-03,
 -1.53585E-02, -1.59661E-02, -1.66017E-02, -1.72663E-02, -1.79609E-02, -1.86863E-02, -1.94432E-02, -2.02325E-02, -2.10546E-02, -2.19097E-02, -2.27978E-02, -2.37183E-02, -2.46697E-02, -2.56496E-02, -2.66539E-02, -2.76762E-02, -2.87070E-02, -2.97326E-02, -3.07340E-02, -3.16858E-02, -3.25553E-02,NA,NA,NA,NA,NA,NA,NA,NA,NA,NA,NA,NA,NA,NA,NA, -9.21557E-03,NA,NA,NA,NA,NA,NA,NA,NA,NA,NA,NA,NA,NA,NA,NA,NA,NA,NA,NA,NA,NA,NA,NA,NA,NA,NA,NA,NA,NA,NA,NA,NA,NA,NA,NA,  8.09156E-03,  7.91312E-03,  7.74882E-03,  7.58797E-03,  7.42437E-03,  7.25490E-03,  7.07852E-03,  6.89549E-03,  6.70683E-03,  6.51399E-03,  6.31853E-03,  6.12204E-03,  5.92596E-03,  5.73159E-03,  5.54004E-03,  5.35222E-03,  5.16888E-03,  4.99059E-03,  4.81776E-03,  4.65070E-03,  4.48959E-03,  4.33452E-03,
 -1.58029E-02, -1.64500E-02, -1.71290E-02, -1.78411E-02, -1.85879E-02, -1.93706E-02, -2.01906E-02, -2.10494E-02, -2.19481E-02, -2.28881E-02, -2.38703E-02, -2.48956E-02, -2.59640E-02, -2.70750E-02, -2.82266E-02, -2.94145E-02, -3.06310E-02, -3.18640E-02,NA,NA,NA,NA,NA,NA,NA,NA,NA,NA,NA,NA,NA,NA,NA,NA,NA,NA,NA,NA,NA,NA,NA,NA,NA,NA,NA,NA,NA,NA,NA,NA,NA,NA,NA,NA,NA,NA,NA,NA,NA,NA,NA,NA,NA,NA,NA,NA,NA,NA,NA,NA,NA,NA,NA,  8.14345E-03,  8.03518E-03,  7.91142E-03,  7.76973E-03,  7.61033E-03,  7.43499E-03,  7.24631E-03,  7.04725E-03,  6.84074E-03,  6.62955E-03,  6.41615E-03,  6.20267E-03,  5.99091E-03,  5.78233E-03,  5.57809E-03,  5.37909E-03,  5.18600E-03,  4.99928E-03,  4.81925E-03,  4.64608E-03,  4.47984E-03,
 -1.62438E-02, -1.69313E-02, -1.76547E-02, -1.84156E-02, -1.92160E-02, -2.00578E-02, -2.09431E-02, -2.18738E-02, -2.28522E-02, -2.38806E-02, -2.49614E-02, -2.60969E-02, -2.72895E-02, -2.85410E-02, -2.98524E-02, -3.12228E-02, -3.26482E-02,NA,NA,NA,NA,NA,NA,NA,NA,NA,NA,NA,NA,NA,NA,NA,NA,NA,NA,NA,NA,NA,NA,NA,NA,NA,NA,NA,NA,NA,NA,NA,NA,NA,NA,NA,NA,NA,NA,NA,NA,NA,NA,NA,NA,NA,NA,NA,NA,NA,NA,NA,NA,NA,NA,NA,NA,  8.45042E-03,  8.39936E-03,  8.31012E-03,  8.18546E-03,  8.02996E-03,  7.84896E-03,  7.64791E-03,  7.43197E-03,  7.20580E-03,  6.97341E-03,  6.73824E-03,  6.50307E-03,  6.27018E-03,  6.04133E-03,  5.81789E-03,  5.60086E-03,  5.39094E-03,  5.18862E-03,  4.99418E-03,  4.80774E-03,  4.62931E-03,
 -1.66791E-02, -1.74076E-02, -1.81761E-02, -1.89868E-02, -1.98421E-02, -2.07444E-02, -2.16965E-02, -2.27011E-02, -2.37615E-02, -2.48810E-02, -2.60636E-02, -2.73135E-02, -2.86355E-02, -3.00348E-02, -3.15163E-02, -3.30841E-02,NA,NA,NA,NA,NA,NA,NA,NA,NA,NA,NA,NA,NA,NA,NA,NA,NA,NA,NA,NA,NA,NA,NA,NA,NA,NA,NA,NA,NA,NA,NA,NA,NA,NA,NA,NA,NA,NA,NA,NA,NA,NA,NA,NA,NA,NA,NA,NA,NA,NA,NA,NA,NA,NA,NA,NA,NA,NA,  8.87107E-03,  8.80810E-03,  8.69068E-03,  8.52880E-03,  8.33205E-03,  8.10914E-03,  7.86766E-03,  7.61407E-03,  7.35369E-03,  7.09082E-03,  6.82888E-03,  6.57051E-03,  6.31771E-03,  6.07194E-03,  5.83426E-03,  5.60533E-03,  5.38557E-03,  5.17519E-03,  4.97421E-03,  4.78254E-03,
 -1.71065E-02, -1.78764E-02, -1.86905E-02, -1.95517E-02, -2.04626E-02, -2.14265E-02, -2.24465E-02, -2.35264E-02, -2.46702E-02, -2.58824E-02, -2.71685E-02, -2.85349E-02, -2.99891E-02, -3.15401E-02,NA,NA,NA,NA,NA,NA,NA,NA,NA,NA,NA,NA,NA,NA,NA,NA,NA,NA,NA,NA,NA,NA,NA,NA,NA,NA,NA,NA,NA,NA,NA,NA,NA,NA,NA,NA,NA,NA,NA,NA,NA,NA,NA,NA,NA,NA,NA,NA,NA,NA,NA,NA,NA,NA,NA,NA,NA,NA,NA,NA,NA,  9.43258E-03,  9.30642E-03,  9.12284E-03,  8.89623E-03,  8.63881E-03,  8.36068E-03,  8.07006E-03,  7.77345E-03,  7.47591E-03,  7.18131E-03,  6.89255E-03,  6.61170E-03,  6.34021E-03,  6.07906E-03,  5.82879E-03,  5.58969E-03,  5.36180E-03,  5.14499E-03,  4.93902E-03,
 -1.75233E-02, -1.83348E-02, -1.91949E-02, -2.01069E-02, -2.10740E-02, -2.21000E-02, -2.31887E-02, -2.43444E-02, -2.55722E-02, -2.68775E-02, -2.82673E-02, -2.97500E-02, -3.13358E-02,NA,NA,NA,NA,NA,NA,NA,NA,NA,NA,NA,NA,NA,NA,NA,NA,NA,NA,NA,NA,NA,NA,NA,NA,NA,NA,NA,NA,NA,NA,NA,NA,NA,NA,NA,NA,NA,NA,NA,NA,NA,NA,NA,NA,NA,NA,NA,NA,NA,NA,NA,NA,NA,NA,NA,NA,NA,NA,NA,NA,NA,NA,  1.02132E-02,  1.00548E-02,  9.82829E-03,  9.55317E-03,  9.24513E-03,  8.91665E-03,  8.57746E-03,  8.23498E-03,  7.89479E-03,  7.56095E-03,  7.23637E-03,  6.92303E-03,  6.62221E-03,  6.33463E-03,  6.06063E-03,  5.80024E-03,  5.55327E-03,  5.31937E-03,  5.09809E-03,
 -1.79272E-02, -1.87801E-02, -1.96861E-02, -2.06490E-02, -2.16725E-02, -2.27609E-02, -2.39184E-02, -2.51501E-02, -2.64616E-02, -2.78594E-02, -2.93512E-02, -3.09472E-02, -3.26601E-02,NA,NA,NA,NA,NA,NA,NA,NA,NA,NA,NA,NA,NA,NA,NA,NA,NA,NA,NA,NA,NA,NA,NA,NA,NA,NA,NA,NA,NA,NA,NA,NA,NA,NA,NA,NA,NA,NA,NA,NA,NA,NA,NA,NA,NA,NA,NA,NA,NA,NA,NA,NA,NA,NA,NA,NA,NA,NA,NA,NA,NA,NA,NA,  1.09576E-02,  1.06605E-02,  1.03133E-02,  9.93495E-03,  9.53983E-03,  9.13869E-03,  8.73944E-03,  8.34773E-03,  7.96747E-03,  7.60130E-03,  7.25082E-03,  6.91691E-03,  6.59992E-03,  6.29979E-03,  6.01620E-03,  5.74862E-03,  5.49642E-03,  5.25887E-03,
 -1.83154E-02, -1.92093E-02, -2.01611E-02, -2.11747E-02, -2.22545E-02, -2.34050E-02, -2.46313E-02, -2.59386E-02, -2.73330E-02, -2.88214E-02, -3.04122E-02, -3.21161E-02,NA,NA,NA,NA,NA,NA,NA,NA,NA,NA,NA,NA,NA,NA,NA,NA,NA,NA,NA,NA,NA,NA,NA,NA,NA,NA,NA,NA,NA,NA,NA,NA,NA,NA,NA,NA,NA,NA,NA,NA,NA,NA,NA,NA,NA,NA,NA,NA,NA,NA,NA,NA,NA,NA,NA,NA,NA,NA,NA,NA,NA,NA,NA,NA,  1.20352E-02,  1.16326E-02,  1.11848E-02,  1.07130E-02,  1.02325E-02,  9.75445E-03,  9.28646E-03,  8.83372E-03,  8.39950E-03,  7.98575E-03,  7.59341E-03,  7.22269E-03,  6.87336E-03,  6.54479E-03,  6.23619E-03,  5.94660E-03,  5.67500E-03,  5.42034E-03,
 -1.86851E-02, -1.96196E-02, -2.06165E-02, -2.16804E-02, -2.28160E-02, -2.40284E-02, -2.53230E-02, -2.67052E-02, -2.81814E-02, -2.97582E-02, -3.14438E-02,NA,NA,NA,NA,NA,NA,NA,NA,NA,NA,NA,NA,NA,NA,NA,NA,NA,NA,NA,NA,NA,NA,NA,NA,NA,NA,NA,NA,NA,NA,NA,NA,NA,NA,NA,NA,NA,NA,NA,NA,NA,NA,NA,NA,NA,NA,NA,NA,NA,NA,NA,NA,NA,NA,NA,NA,NA,NA,NA,NA,NA,NA,NA,NA,NA,NA,  1.27537E-02,  1.21722E-02,  1.15806E-02,  1.09942E-02,  1.04231E-02,  9.87380E-03,  9.35020E-03,  8.85439E-03,  8.38714E-03,  7.94833E-03,  7.53726E-03,  7.15283E-03,  6.79373E-03,  6.45850E-03,  6.14567E-03,  5.85375E-03,  5.58127E-03,
 -1.90337E-02, -2.00078E-02, -2.10490E-02, -2.21624E-02, -2.33533E-02, -2.46271E-02, -2.59894E-02, -2.74461E-02, -2.90029E-02, -3.06661E-02, -3.24425E-02,NA,NA,NA,NA,NA,NA,NA,NA,NA,NA,NA,NA,NA,NA,NA,NA,NA,NA,NA,NA,NA,NA,NA,NA,NA,NA,NA,NA,NA,NA,NA,NA,NA,NA,NA,NA,NA,NA,NA,NA,NA,NA,NA,NA,NA,NA,NA,NA,NA,NA,NA,NA,NA,NA,NA,NA,NA,NA,NA,NA,NA,NA,NA,NA,NA,NA,NA,  1.32749E-02,  1.25353E-02,  1.18211E-02,  1.11403E-02,  1.04970E-02,  9.89284E-03,  9.32807E-03,  8.80173E-03,  8.31224E-03,  7.85761E-03,  7.43569E-03,  7.04425E-03,  6.68107E-03,  6.34402E-03,  6.03107E-03,  5.74028E-03,
 -1.93583E-02, -2.03708E-02, -2.14553E-02, -2.26173E-02, -2.38626E-02, -2.51971E-02, -2.66268E-02, -2.81574E-02, -2.97944E-02, -3.15429E-02,NA,NA,NA,NA,NA,NA,NA,NA,NA,NA,NA,NA,NA,NA,NA,NA,NA,NA,NA,NA,NA,NA,NA,NA,NA,NA,NA,NA,NA,NA,NA,NA,NA,NA,NA,NA,NA,NA,NA,NA,NA,NA,NA,NA,NA,NA,NA,NA,NA,NA,NA,NA,NA,NA,NA,NA,NA,NA,NA,NA,NA,NA,NA,NA,NA,NA,NA,NA,NA,  1.35690E-02,  1.27053E-02,  1.18985E-02,  1.11490E-02,  1.04553E-02,  9.81498E-03,  9.22465E-03,  8.68085E-03,  8.18004E-03,  7.71872E-03,  7.29358E-03,  6.90150E-03,  6.53958E-03,  6.20517E-03,  5.89582E-03,
 -1.96559E-02, -2.07053E-02, -2.18317E-02, -2.30410E-02, -2.43397E-02, -2.57343E-02, -2.72309E-02, -2.88357E-02, -3.05535E-02, -3.23882E-02,NA,NA,NA,NA,NA,NA,NA,NA,NA,NA,NA,NA,NA,NA,NA,NA,NA,NA,NA,NA,NA,NA,NA,NA,NA,NA,NA,NA,NA,NA,NA,NA,NA,NA,NA,NA,NA,NA,NA,NA,NA,NA,NA,NA,NA,NA,NA,NA,NA,NA,NA,NA,NA,NA,NA,NA,NA,NA,NA,NA,NA,NA,NA,NA,NA,NA,NA,NA,NA,NA,  1.36340E-02,  1.26864E-02,  1.18202E-02,  1.10294E-02,  1.03080E-02,  9.64983E-03,  9.04904E-03,  8.50017E-03,  7.99821E-03,  7.53856E-03,  7.11709E-03,  6.73005E-03,  6.37409E-03,  6.04621E-03,
 -1.99236E-02, -2.10082E-02, -2.21746E-02, -2.34296E-02, -2.47804E-02, -2.62341E-02, -2.77976E-02, -2.94772E-02, -3.12777E-02,NA,NA,NA,NA,NA,NA,NA,NA,NA,NA,NA,NA,NA,NA,NA,NA,NA,NA,NA,NA,NA,NA,NA,NA,NA,NA,NA,NA,NA,NA,NA,NA,NA,NA,NA,NA,NA,NA,NA,NA,NA,NA,NA,NA,NA,NA,NA,NA,NA,NA,NA,NA,NA,NA,NA,NA,NA,NA,NA,NA,NA,NA,NA,NA,NA,NA,NA,NA,NA,NA,NA,  1.45900E-02,  1.34896E-02,  1.24983E-02,  1.16048E-02,  1.07986E-02,  1.00702E-02,  9.41084E-03,  8.81304E-03,  8.26998E-03,  7.77569E-03,  7.32490E-03,  6.91294E-03,  6.53573E-03,  6.18966E-03,
 -2.01584E-02, -2.12758E-02, -2.24801E-02, -2.37789E-02, -2.51800E-02, -2.66917E-02, -2.83217E-02, -3.00772E-02, -3.19635E-02,NA,NA,NA,NA,NA,NA,NA,NA,NA,NA,NA,NA,NA,NA,NA,NA,NA,NA,NA,NA,NA,NA,NA,NA,NA,NA,NA,NA,NA,NA,NA,NA,NA,NA,NA,NA,NA,NA,NA,NA,NA,NA,NA,NA,NA,NA,NA,NA,NA,NA,NA,NA,NA,NA,NA,NA,NA,NA,NA,NA,NA,NA,NA,NA,NA,NA,NA,NA,NA,NA,NA,NA,  1.42899E-02,  1.31687E-02,  1.21696E-02,  1.12770E-02,  1.04776E-02,  9.75966E-03,  9.11320E-03,  8.52954E-03,  8.00124E-03,  7.52181E-03,  7.08565E-03,  6.68790E-03,  6.32432E-03,
 -2.03573E-02, -2.15049E-02, -2.27443E-02, -2.40841E-02, -2.55333E-02, -2.71012E-02, -2.87970E-02, -3.06295E-02, -3.26053E-02,NA,NA,NA,NA,NA,NA,NA,NA,NA,NA,NA,NA,NA,NA,NA,NA,NA,NA,NA,NA,NA,NA,NA,NA,NA,NA,NA,NA,NA,NA,NA,NA,NA,NA,NA,NA,NA,NA,NA,NA,NA,NA,NA,NA,NA,NA,NA,NA,NA,NA,NA,NA,NA,NA,NA,NA,NA,NA,NA,NA,NA,NA,NA,NA,NA,NA,NA,NA,NA,NA,NA,NA,  1.50664E-02,  1.38146E-02,  1.27103E-02,  1.17325E-02,  1.08635E-02,  1.00885E-02,  9.39489E-03,  8.77218E-03,  8.21131E-03,  7.70461E-03,  7.24551E-03,  6.82837E-03,  6.44835E-03,
 -2.05174E-02, -2.16919E-02, -2.29630E-02, -2.43405E-02, -2.58345E-02, -2.74560E-02, -2.92160E-02, -3.11255E-02, -3.31940E-02,NA,NA,NA,NA,NA,NA,NA,NA,NA,NA,NA,NA,NA,NA,NA,NA,NA,NA,NA,NA,NA,NA,NA,NA,NA,NA,NA,NA,NA,NA,NA,NA,NA,NA,NA,NA,NA,NA,NA,NA,NA,NA,NA,NA,NA,NA,NA,NA,NA,NA,NA,NA,NA,NA,NA,NA,NA,NA,NA,NA,NA,NA,NA,NA,NA,NA,NA,NA,NA,NA,NA,NA,  1.57961E-02,  1.44181E-02,  1.32128E-02,  1.21537E-02,  1.12188E-02,  1.03900E-02,  9.65228E-03,  8.99313E-03,  8.40203E-03,  7.87011E-03,  7.38988E-03,  6.95497E-03,  6.55991E-03,
 -2.06358E-02, -2.18332E-02, -2.31320E-02, -2.45429E-02, -2.60775E-02, -2.77485E-02, -2.95695E-02, -3.15544E-02,NA,NA,NA,NA,NA,NA,NA,NA,NA,NA,NA,NA,NA,NA,NA,NA,NA,NA,NA,NA,NA,NA,NA,NA,NA,NA,NA,NA,NA,NA,NA,NA,NA,NA,NA,NA,NA,NA,NA,NA,NA,NA,NA,NA,NA,NA,NA,NA,NA,NA,NA,NA,NA,NA,NA,NA,NA,NA,NA,NA,NA,NA,NA,NA,NA,NA,NA,NA,NA,NA,NA,NA,NA,NA,  1.49607E-02,  1.36628E-02,  1.25294E-02,  1.15346E-02,  1.06571E-02,  9.87963E-03,  9.18777E-03,  8.56962E-03,  8.01524E-03,  7.51625E-03,  7.06560E-03,  6.65728E-03,
 -2.07099E-02, -2.19258E-02, -2.32473E-02, -2.46862E-02, -2.62558E-02, -2.79707E-02, -2.98472E-02, -3.19029E-02,NA,NA,NA,NA,NA,NA,NA,NA,NA,NA,NA,NA,NA,NA,NA,NA,NA,NA,NA,NA,NA,NA,NA,NA,NA,NA,NA,NA,NA,NA,NA,NA,NA,NA,NA,NA,NA,NA,NA,NA,NA,NA,NA,NA,NA,NA,NA,NA,NA,NA,NA,NA,NA,NA,NA,NA,NA,NA,NA,NA,NA,NA,NA,NA,NA,NA,NA,NA,NA,NA,NA,NA,NA,NA,  1.54249E-02,  1.40465E-02,  1.28490E-02,  1.18025E-02,  1.08832E-02,  1.00716E-02,  9.35180E-03,  8.71062E-03,  8.13715E-03,  7.62228E-03,  7.15835E-03,  6.73888E-03,
 -2.07372E-02, -2.19665E-02, -2.33050E-02, -2.47656E-02, -2.63631E-02, -2.81142E-02, -3.00379E-02, -3.21559E-02,NA,NA,NA,NA,NA,NA,NA,NA,NA,NA,NA,NA,NA,NA,NA,NA,NA,NA,NA,NA,NA,NA,NA,NA,NA,NA,NA,NA,NA,NA,NA,NA,NA,NA,NA,NA,NA,NA,NA,NA,NA,NA,NA,NA,NA,NA,NA,NA,NA,NA,NA,NA,NA,NA,NA,NA,NA,NA,NA,NA,NA,NA,NA,NA,NA,NA,NA,NA,NA,NA,NA,NA,NA,NA,  1.57947E-02,  1.43518E-02,  1.31028E-02,  1.20150E-02,  1.10623E-02,  1.02235E-02,  9.48142E-03,  8.82195E-03,  8.23336E-03,  7.70594E-03,  7.23154E-03,  6.80332E-03,
 -2.07160E-02, -2.19528E-02, -2.33017E-02, -2.47765E-02, -2.63933E-02, -2.81708E-02, -3.01306E-02, -3.22983E-02,NA,NA,NA,NA,NA,NA,NA,NA,NA,NA,NA,NA,NA,NA,NA,NA,NA,NA,NA,NA,NA,NA,NA,NA,NA,NA,NA,NA,NA,NA,NA,NA,NA,NA,NA,NA,NA,NA,NA,NA,NA,NA,NA,NA,NA,NA,NA,NA,NA,NA,NA,NA,NA,NA,NA,NA,NA,NA,NA,NA,NA,NA,NA,NA,NA,NA,NA,NA,NA,NA,NA,NA,NA,NA,  1.60570E-02,  1.45685E-02,  1.32831E-02,  1.21659E-02,  1.11895E-02,  1.03314E-02,  9.57352E-03,  8.90108E-03,  8.30181E-03,  7.76554E-03,  7.28380E-03,  6.84946E-03,
 -2.06447E-02, -2.18830E-02, -2.32350E-02, -2.47155E-02, -2.63416E-02, -2.81336E-02, -3.01154E-02, -3.23160E-02,NA,NA,NA,NA,NA,NA,NA,NA,NA,NA,NA,NA,NA,NA,NA,NA,NA,NA,NA,NA,NA,NA,NA,NA,NA,NA,NA,NA,NA,NA,NA,NA,NA,NA,NA,NA,NA,NA,NA,NA,NA,NA,NA,NA,NA,NA,NA,NA,NA,NA,NA,NA,NA,NA,NA,NA,NA,NA,NA,NA,NA,NA,NA,NA,NA,NA,NA,NA,NA,NA,NA,NA,NA,NA,  1.62026E-02,  1.46895E-02,  1.33841E-02,  1.22508E-02,  1.12612E-02,  1.03924E-02,  9.62577E-03,  8.94614E-03,  8.34096E-03,  7.79984E-03,  7.31409E-03,  6.87645E-03,
 -2.05228E-02, -2.17558E-02, -2.31032E-02, -2.45801E-02, -2.62044E-02, -2.79974E-02, -2.99848E-02, -3.21978E-02,NA,NA,NA,NA,NA,NA,NA,NA,NA,NA,NA,NA,NA,NA,NA,NA,NA,NA,NA,NA,NA,NA,NA,NA,NA,NA,NA,NA,NA,NA,NA,NA,NA,NA,NA,NA,NA,NA,NA,NA,NA,NA,NA,NA,NA,NA,NA,NA,NA,NA,NA,NA,NA,NA,NA,NA,NA,NA,NA,NA,NA,NA,NA,NA,NA,NA,NA,NA,NA,NA,NA,NA,NA,NA,  1.62266E-02,  1.47108E-02,  1.34028E-02,  1.22671E-02,  1.12754E-02,  1.04048E-02,  9.63676E-03,  8.95596E-03,  8.34986E-03,  7.80803E-03,  7.32176E-03,  6.88374E-03,
 -2.03502E-02, -2.15712E-02, -2.29058E-02, -2.43693E-02, -2.59800E-02, -2.77595E-02, -2.97343E-02, -3.19368E-02, -3.44072E-02,NA,NA,NA,NA,NA,NA,NA,NA,NA,NA,NA,NA,NA,NA,NA,NA,NA,NA,NA,NA,NA,NA,NA,NA,NA,NA,NA,NA,NA,NA,NA,NA,NA,NA,NA,NA,NA,NA,NA,NA,NA,NA,NA,NA,NA,NA,NA,NA,NA,NA,NA,NA,NA,NA,NA,NA,NA,NA,NA,NA,NA,NA,NA,NA,NA,NA,NA,NA,NA,NA,NA,NA,NA,  1.61284E-02,  1.46318E-02,  1.33385E-02,  1.22142E-02,  1.12315E-02,  1.03682E-02,  9.60605E-03,  8.93015E-03,  8.32816E-03,  7.78982E-03,  7.30655E-03,  6.87112E-03,
 -2.01279E-02, -2.13300E-02, -2.26437E-02, -2.40841E-02, -2.56690E-02, -2.74201E-02, -2.93635E-02, -3.15316E-02, -3.39643E-02,NA,NA,NA,NA,NA,NA,NA,NA,NA,NA,NA,NA,NA,NA,NA,NA,NA,NA,NA,NA,NA,NA,NA,NA,NA,NA,NA,NA,NA,NA,NA,NA,NA,NA,NA,NA,NA,NA,NA,NA,NA,NA,NA,NA,NA,NA,NA,NA,NA,NA,NA,NA,NA,NA,NA,NA,NA,NA,NA,NA,NA,NA,NA,NA,NA,NA,NA,NA,NA,NA,NA,NA,NA,  1.59123E-02,  1.44554E-02,  1.31931E-02,  1.20934E-02,  1.11305E-02,  1.02832E-02,  9.53415E-03,  8.86909E-03,  8.27615E-03,  7.74543E-03,  7.26861E-03,  6.83871E-03,
 -1.98576E-02, -2.10343E-02, -2.23192E-02, -2.37267E-02, -2.52742E-02, -2.69823E-02, -2.88761E-02, -3.09863E-02, -3.33511E-02,NA,NA,NA,NA,NA,NA,NA,NA,NA,NA,NA,NA,NA,NA,NA,NA,NA,NA,NA,NA,NA,NA,NA,NA,NA,NA,NA,NA,NA,NA,NA,NA,NA,NA,NA,NA,NA,NA,NA,NA,NA,NA,NA,NA,NA,NA,NA,NA,NA,NA,NA,NA,NA,NA,NA,NA,NA,NA,NA,NA,NA,NA,NA,NA,NA,NA,NA,NA,NA,NA,NA,NA,  1.72032E-02,  1.55861E-02,  1.41873E-02,  1.29710E-02,  1.19081E-02,  1.09748E-02,  1.01517E-02,  9.42247E-03,  8.77387E-03,  8.19468E-03,  7.67553E-03,  7.20851E-03,  6.78695E-03,
 -1.95419E-02, -2.06870E-02, -2.19357E-02, -2.33015E-02, -2.48006E-02, -2.64522E-02, -2.82795E-02, -3.03106E-02, -3.25801E-02,NA,NA,NA,NA,NA,NA,NA,NA,NA,NA,NA,NA,NA,NA,NA,NA,NA,NA,NA,NA,NA,NA,NA,NA,NA,NA,NA,NA,NA,NA,NA,NA,NA,NA,NA,NA,NA,NA,NA,NA,NA,NA,NA,NA,NA,NA,NA,NA,NA,NA,NA,NA,NA,NA,NA,NA,NA,NA,NA,NA,NA,NA,NA,NA,NA,NA,NA,NA,NA,NA,NA,NA,  1.66850E-02,  1.51612E-02,  1.38360E-02,  1.26785E-02,  1.16630E-02,  1.07681E-02,  9.97647E-03,  9.27328E-03,  8.64629E-03,  8.08518E-03,  7.58126E-03,  7.12715E-03,  6.71659E-03,
 -1.91839E-02, -2.02919E-02, -2.14979E-02, -2.28141E-02, -2.42553E-02, -2.58387E-02, -2.75850E-02, -2.95188E-02, -3.16702E-02, -3.40756E-02,NA,NA,NA,NA,NA,NA,NA,NA,NA,NA,NA,NA,NA,NA,NA,NA,NA,NA,NA,NA,NA,NA,NA,NA,NA,NA,NA,NA,NA,NA,NA,NA,NA,NA,NA,NA,NA,NA,NA,NA,NA,NA,NA,NA,NA,NA,NA,NA,NA,NA,NA,NA,NA,NA,NA,NA,NA,NA,NA,NA,NA,NA,NA,NA,NA,NA,NA,NA,NA,NA,NA,  1.60671E-02,  1.46510E-02,  1.34118E-02,  1.23235E-02,  1.13641E-02,  1.05152E-02,  9.76135E-03,  9.08951E-03,  8.48868E-03,  7.94954E-03,  7.46417E-03,  7.02580E-03,  6.62868E-03,
 -1.87877E-02, -1.98539E-02, -2.10115E-02, -2.22716E-02, -2.36470E-02, -2.51526E-02, -2.68062E-02, -2.86287E-02, -3.06446E-02, -3.28834E-02,NA,NA,NA,NA,NA,NA,NA,NA,NA,NA,NA,NA,NA,NA,NA,NA,NA,NA,NA,NA,NA,NA,NA,NA,NA,NA,NA,NA,NA,NA,NA,NA,NA,NA,NA,NA,NA,NA,NA,NA,NA,NA,NA,NA,NA,NA,NA,NA,NA,NA,NA,NA,NA,NA,NA,NA,NA,NA,NA,NA,NA,NA,NA,NA,NA,NA,NA,NA,NA,NA,  1.68465E-02,  1.53689E-02,  1.40703E-02,  1.29261E-02,  1.19149E-02,  1.10185E-02,  1.02215E-02,  9.51069E-03,  8.87469E-03,  8.30390E-03,  7.79007E-03,  7.32613E-03,  6.90601E-03,  6.52448E-03,
 -1.83576E-02, -1.93782E-02, -2.04831E-02, -2.16818E-02, -2.29853E-02, -2.44062E-02, -2.59589E-02, -2.76602E-02, -2.95294E-02, -3.15886E-02, -3.38630E-02,NA,NA,NA,NA,NA,NA,NA,NA,NA,NA,NA,NA,NA,NA,NA,NA,NA,NA,NA,NA,NA,NA,NA,NA,NA,NA,NA,NA,NA,NA,NA,NA,NA,NA,NA,NA,NA,NA,NA,NA,NA,NA,NA,NA,NA,NA,NA,NA,NA,NA,NA,NA,NA,NA,NA,NA,NA,NA,NA,NA,NA,NA,NA,NA,NA,NA,NA,NA,NA,  1.59355E-02,  1.46099E-02,  1.34346E-02,  1.23909E-02,  1.14622E-02,  1.06338E-02,  9.89319E-03,  9.22935E-03,  8.63274E-03,  8.09512E-03,  7.60936E-03,  7.16929E-03,  6.76954E-03,  6.40547E-03,
 -1.78984E-02, -1.88705E-02, -1.99195E-02, -2.10532E-02, -2.22809E-02, -2.36124E-02, -2.50593E-02, -2.66342E-02, -2.83512E-02, -3.02255E-02, -3.22736E-02,NA,NA,NA,NA,NA,NA,NA,NA,NA,NA,NA,NA,NA,NA,NA,NA,NA,NA,NA,NA,NA,NA,NA,NA,NA,NA,NA,NA,NA,NA,NA,NA,NA,NA,NA,NA,NA,NA,NA,NA,NA,NA,NA,NA,NA,NA,NA,NA,NA,NA,NA,NA,NA,NA,NA,NA,NA,NA,NA,NA,NA,NA,NA,NA,NA,NA,NA,NA,  1.62932E-02,  1.49824E-02,  1.38091E-02,  1.27589E-02,  1.18183E-02,  1.09749E-02,  1.02176E-02,  9.53642E-03,  8.92242E-03,  8.36783E-03,  7.86579E-03,  7.41027E-03,  6.99599E-03,  6.61835E-03,  6.27329E-03,
 -1.74149E-02, -1.83367E-02, -1.93278E-02, -2.03945E-02, -2.15442E-02, -2.27845E-02, -2.41238E-02, -2.55711E-02, -2.71357E-02, -2.88269E-02, -3.06534E-02, -3.26225E-02,NA,NA,NA,NA,NA,NA,NA,NA,NA,NA,NA,NA,NA,NA,NA,NA,NA,NA,NA,NA,NA,NA,NA,NA,NA,NA,NA,NA,NA,NA,NA,NA,NA,NA,NA,NA,NA,NA,NA,NA,NA,NA,NA,NA,NA,NA,NA,NA,NA,NA,NA,NA,NA,NA,NA,NA,NA,NA,NA,NA,NA,NA,NA,NA,NA,NA,  1.63863E-02,  1.51396E-02,  1.40081E-02,  1.29835E-02,  1.20570E-02,  1.12196E-02,  1.04626E-02,  9.77774E-03,  9.15753E-03,  8.59510E-03,  8.08425E-03,  7.61944E-03,  7.19573E-03,  6.80872E-03,  6.45452E-03,  6.12968E-03,
 -1.69122E-02, -1.77827E-02, -1.87151E-02, -1.97142E-02, -2.07857E-02, -2.19350E-02, -2.31678E-02, -2.44900E-02, -2.59066E-02, -2.74220E-02, -2.90387E-02, -3.07565E-02, -3.25704E-02,NA,NA,NA,NA,NA,NA,NA,NA,NA,NA,NA,NA,NA,NA,NA,NA,NA,NA,NA,NA,NA,NA,NA,NA,NA,NA,NA,NA,NA,NA,NA,NA,NA,NA,NA,NA,NA,NA,NA,NA,NA,NA,NA,NA,NA,NA,NA,NA,NA,NA,NA,NA,NA,NA,NA,NA,NA,NA,NA,NA,NA,NA,NA,NA,  1.61689E-02,  1.50390E-02,  1.39932E-02,  1.30308E-02,  1.21485E-02,  1.13419E-02,  1.06056E-02,  9.93395E-03,  9.32144E-03,  8.76264E-03,  8.25249E-03,  7.78627E-03,  7.35967E-03,  6.96876E-03,  6.60999E-03,  6.28018E-03,  5.97645E-03,
 -1.63949E-02, -1.72142E-02, -1.80881E-02, -1.90204E-02, -2.00149E-02, -2.10755E-02, -2.22055E-02, -2.34079E-02, -2.46846E-02, -2.60358E-02, -2.74596E-02, -2.89502E-02, -3.04965E-02, -3.20800E-02,NA,NA,NA,NA,NA,NA,NA,NA,NA,NA,NA,NA,NA,NA,NA,NA,NA,NA,NA,NA,NA,NA,NA,NA,NA,NA,NA,NA,NA,NA,NA,NA,NA,NA,NA,NA,NA,NA,NA,NA,NA,NA,NA,NA,NA,NA,NA,NA,NA,NA,NA,NA,NA,NA,NA,NA,NA,NA,NA,NA,NA,NA,  1.56115E-02,  1.46488E-02,  1.37330E-02,  1.28708E-02,  1.20653E-02,  1.13170E-02,  1.06246E-02,  9.98559E-03,  9.39706E-03,  8.85554E-03,  8.35751E-03,  7.89946E-03,  7.47801E-03,  7.08995E-03,  6.73231E-03,  6.40233E-03,  6.09747E-03,NA,
 -1.58677E-02, -1.66364E-02, -1.74530E-02, -1.83203E-02, -1.92407E-02, -2.02164E-02, -2.12491E-02, -2.23394E-02, -2.34867E-02, -2.46885E-02, -2.59394E-02, -2.72301E-02, -2.85459E-02, -2.98648E-02, -3.11552E-02,NA,NA,NA,NA,NA,NA,NA,NA,NA,NA,NA,NA,NA,NA,NA,NA,NA,NA,NA,NA,NA,NA,NA,NA,NA,NA,NA,NA,NA,NA,NA,NA,NA,NA,NA,NA,NA,NA,NA,NA,NA,NA,NA,NA,NA,NA,NA,NA,NA,NA,NA,NA,NA,NA,NA,NA,NA,NA,NA,NA,  1.47059E-02,  1.39530E-02,  1.32072E-02,  1.24817E-02,  1.17853E-02,  1.11236E-02,  1.04996E-02,  9.91446E-03,  9.36796E-03,  8.85910E-03,  8.38626E-03,  7.94748E-03,  7.54059E-03,  7.16339E-03,  6.81366E-03,  6.48928E-03,  6.18821E-03,  5.90853E-03,NA,
 -1.53347E-02, -1.60542E-02, -1.68156E-02, -1.76205E-02, -1.84705E-02, -1.93665E-02, -2.03087E-02, -2.12961E-02, -2.23265E-02, -2.33952E-02, -2.44949E-02, -2.56144E-02, -2.67373E-02, -2.78407E-02, -2.88929E-02, -2.98516E-02,NA,NA,NA,NA,NA,NA,NA,NA,NA,NA,NA,NA,NA,NA,NA,NA,NA,NA,NA,NA,NA,NA,NA,NA,NA,NA,NA,NA,NA,NA,NA,NA,NA,NA,NA,NA,NA,NA,NA,NA,NA,NA,NA,NA,NA,NA,NA,NA,NA,NA,NA,NA,NA,NA,NA,NA,NA,  1.39255E-02,  1.34661E-02,  1.29532E-02,  1.24092E-02,  1.18517E-02,  1.12940E-02,  1.07460E-02,  1.02148E-02,  9.70499E-03,  9.21944E-03,  8.75971E-03,  8.32631E-03,  7.91909E-03,  7.53734E-03,  7.18007E-03,  6.84605E-03,  6.53395E-03,  6.24239E-03,  5.96999E-03,NA,NA,
 -1.47995E-02, -1.54718E-02, -1.61805E-02, -1.69266E-02, -1.77107E-02, -1.85329E-02, -1.93923E-02, -2.02871E-02, -2.12136E-02, -2.21664E-02, -2.31370E-02, -2.41137E-02, -2.50800E-02, -2.60137E-02, -2.68854E-02, -2.76572E-02, -2.82805E-02,NA,NA,NA,NA,NA,NA,NA,NA,NA,NA,NA,NA,NA,NA,NA,NA,NA,NA,NA,NA,NA,NA,NA,NA,NA,NA,NA,NA,NA,NA,NA,NA,NA,NA,NA,NA,NA,NA,NA,NA,NA,NA,NA,NA,NA,NA,NA,NA,NA,NA,NA,NA,NA,  1.20742E-02,  1.21526E-02,  1.20939E-02,  1.19239E-02,  1.16672E-02,  1.13463E-02,  1.09804E-02,  1.05857E-02,  1.01753E-02,  9.75935E-03,  9.34556E-03,  8.93969E-03,  8.54581E-03,  8.16667E-03,  7.80402E-03,  7.45879E-03,  7.13136E-03,  6.82166E-03,  6.52930E-03,  6.25372E-03,  5.99419E-03,  5.74990E-03,NA,NA,
 -1.42655E-02, -1.48929E-02, -1.55519E-02, -1.62430E-02, -1.69662E-02, -1.77210E-02, -1.85060E-02, -1.93185E-02, -2.01546E-02, -2.10083E-02, -2.18712E-02, -2.27319E-02, -2.35750E-02, -2.43806E-02, -2.51228E-02, -2.57692E-02, -2.62797E-02, -2.66054E-02, -2.66885E-02,NA,NA,NA,NA,NA,NA,NA,NA,NA,NA,NA,NA,NA,NA,NA,NA,NA,NA,NA,NA,NA,NA,NA,NA,NA,NA,NA,NA,NA,NA,NA,NA,NA,NA,NA,NA,NA,NA,NA,NA,NA,NA,NA,NA,NA,  5.24554E-03,  6.29210E-03,  7.26995E-03,  8.12655E-03,  8.83302E-03,  9.37884E-03,  9.76679E-03,  1.00086E-02,  1.01212E-02,  1.01239E-02,  1.00364E-02,  9.87746E-03,  9.66376E-03,  9.40999E-03,  9.12846E-03,  8.82928E-03,  8.52057E-03,  8.20868E-03,  7.89848E-03,  7.59359E-03,  7.29664E-03,  7.00946E-03,  6.73324E-03,  6.46869E-03,  6.21613E-03,  5.97562E-03,  5.74702E-03,NA,NA,NA,
 -1.37354E-02, -1.43204E-02, -1.49329E-02, -1.55732E-02, -1.62408E-02, -1.69348E-02, -1.76535E-02, -1.83942E-02, -1.91527E-02, -1.99234E-02, -2.06985E-02, -2.14677E-02, -2.22176E-02, -2.29312E-02, -2.35873E-02, -2.41597E-02, -2.46171E-02, -2.49225E-02, -2.50332E-02, -2.49012E-02,NA,NA,NA,NA,NA,NA,NA,NA,NA,NA,NA,NA,NA,NA,NA,NA,NA,NA,NA,NA,NA,NA,NA,NA,NA,NA,NA,NA,NA,NA,NA,NA,NA,NA,NA,NA,NA,NA,NA,NA,NA,NA,NA,NA,  2.57912E-03,  3.71371E-03,  4.77515E-03,  5.72292E-03,  6.53375E-03,  7.19812E-03,  7.71697E-03,  8.09854E-03,  8.35575E-03,  8.50400E-03,  8.55953E-03,  8.53827E-03,  8.45505E-03,  8.32318E-03,  8.15425E-03,  7.95812E-03,  7.74300E-03,  7.51557E-03,  7.28123E-03,  7.04421E-03,  6.80780E-03,  6.57449E-03,  6.34613E-03,  6.12404E-03,  5.90914E-03,  5.70202E-03,  5.50300E-03,NA,NA,NA,
 -1.32113E-02, -1.37566E-02, -1.43261E-02, -1.49197E-02, -1.55369E-02, -1.61766E-02, -1.68371E-02, -1.75157E-02, -1.82087E-02, -1.89112E-02, -1.96163E-02, -2.03155E-02, -2.09980E-02, -2.16502E-02, -2.22559E-02, -2.27957E-02, -2.32469E-02, -2.35840E-02, -2.37789E-02, -2.38016E-02,NA,NA,NA,NA,NA,NA,NA,NA,NA,NA,NA,NA,NA,NA,NA,NA,NA,NA,NA,NA,NA,NA,NA,NA,NA,NA,NA,NA,NA,NA,NA,NA,NA,NA,NA,NA,NA,NA,NA,NA,NA,NA,NA,NA, -1.28492E-06,  1.28617E-03,  2.47493E-03,  3.53918E-03,  4.46440E-03,  5.24551E-03,  5.88482E-03,  6.39005E-03,  6.77249E-03,  7.04552E-03,  7.22335E-03,  7.32011E-03,  7.34922E-03,  7.32298E-03,  7.25234E-03,  7.14686E-03,  7.01473E-03,  6.86281E-03,  6.69682E-03,  6.52142E-03,  6.34037E-03,  6.15667E-03,  5.97267E-03,  5.79020E-03,  5.61063E-03,  5.43498E-03,NA,NA,NA,NA,
 -1.26950E-02, -1.32034E-02, -1.37332E-02, -1.42843E-02, -1.48561E-02, -1.54477E-02, -1.60573E-02, -1.66829E-02, -1.73214E-02, -1.79686E-02, -1.86192E-02, -1.92668E-02, -1.99033E-02, -2.05190E-02, -2.11027E-02, -2.16415E-02, -2.21216E-02, -2.25279E-02, -2.28459E-02, -2.30618E-02,NA,NA,NA,NA,NA,NA,NA,NA,NA,NA,NA,NA,NA,NA,NA,NA,NA,NA,NA,NA,NA,NA,NA,NA,NA,NA,NA,NA,NA,NA,NA,NA,NA,NA,NA,NA,NA,NA,NA,NA,NA,NA,NA,NA, -2.49289E-03, -1.00624E-03,  3.42219E-04,  1.54256E-03,  2.59084E-03,  3.48846E-03,  4.24127E-03,  4.85842E-03,  5.35138E-03,  5.73296E-03,  6.01643E-03,  6.21497E-03,  6.34111E-03,  6.40646E-03,  6.42151E-03,  6.39557E-03,  6.33674E-03,  6.25200E-03,  6.14723E-03,  6.02741E-03,  5.89662E-03,  5.75826E-03,  5.61505E-03,  5.46922E-03,  5.32251E-03,NA,NA,NA,NA,NA,
 -1.21877E-02, -1.26619E-02, -1.31553E-02, -1.36678E-02, -1.41990E-02, -1.47479E-02, -1.53136E-02, -1.58942E-02, -1.64875E-02, -1.70906E-02, -1.76999E-02, -1.83109E-02, -1.89185E-02, -1.95170E-02, -2.01000E-02, -2.06610E-02, -2.11941E-02, -2.16942E-02, -2.21586E-02, -2.25886E-02,NA,NA,NA,NA,NA,NA,NA,NA,NA,NA,NA,NA,NA,NA,NA,NA,NA,NA,NA,NA,NA,NA,NA,NA,NA,NA,NA,NA,NA,NA,NA,NA,NA,NA,NA,NA,NA,NA,NA,NA,NA,NA,NA,NA,NA, -3.16023E-03, -1.63213E-03, -2.83589E-04,  8.92705E-04,  1.90571E-03,  2.76600E-03,  3.48550E-03,  4.07703E-03,  4.55383E-03,  4.92913E-03,  5.21574E-03,  5.42580E-03,  5.57053E-03,  5.66013E-03,  5.70373E-03,  5.70935E-03,  5.68402E-03,  5.63376E-03,  5.56371E-03,  5.47824E-03,  5.38100E-03,  5.27502E-03,  5.16281E-03,  5.04643E-03,NA,NA,NA,NA,NA,
 -1.16903E-02, -1.21328E-02, -1.25929E-02, -1.30704E-02, -1.35651E-02, -1.40767E-02, -1.46042E-02, -1.51467E-02, -1.57029E-02, -1.62712E-02, -1.68495E-02, -1.74356E-02, -1.80275E-02, -1.86228E-02, -1.92200E-02, -1.98185E-02, -2.04194E-02, -2.10265E-02, -2.16478E-02, -2.22971E-02,NA,NA,NA,NA,NA,NA,NA,NA,NA,NA,NA,NA,NA,NA,NA,NA,NA,NA,NA,NA,NA,NA,NA,NA,NA,NA,NA,NA,NA,NA,NA,NA,NA,NA,NA,NA,NA,NA,NA,NA,NA,NA,NA,NA, -7.11169E-03, -5.16057E-03, -3.44531E-03, -1.94471E-03, -6.40402E-04,  4.84390E-04,  1.44556E-03,  2.25844E-03,  2.93792E-03,  3.49837E-03,  3.95351E-03,  4.31630E-03,  4.59881E-03,  4.81213E-03,  4.96632E-03,  5.07040E-03,  5.13237E-03,  5.15925E-03,  5.15717E-03,  5.13140E-03,  5.08647E-03,  5.02623E-03,  4.95394E-03,  4.87233E-03,NA,NA,NA,NA,NA,NA,
 -1.12033E-02, -1.16165E-02, -1.20460E-02, -1.24917E-02, -1.29539E-02, -1.34323E-02, -1.39267E-02, -1.44369E-02, -1.49625E-02, -1.55032E-02, -1.60585E-02, -1.66286E-02, -1.72138E-02, -1.78154E-02, -1.84361E-02, -1.90803E-02, -1.97556E-02, -2.04733E-02, -2.12506E-02, -2.21121E-02,NA,NA,NA,NA,NA,NA,NA,NA,NA,NA,NA,NA,NA,NA,NA,NA,NA,NA,NA,NA,NA,NA,NA,NA,NA,NA,NA,NA,NA,NA,NA,NA,NA,NA,NA,NA,NA,NA,NA,NA,NA,NA,NA,NA, -9.16871E-03, -6.98562E-03, -5.08735E-03, -3.43906E-03, -2.01214E-03, -7.82356E-04,  2.71505E-04,  1.16842E-03,  1.92565E-03,  2.55905E-03,  3.08319E-03,  3.51147E-03,  3.85615E-03,  4.12834E-03,  4.33810E-03,  4.49440E-03,  4.60524E-03,  4.67766E-03,  4.71782E-03,  4.73110E-03,  4.72212E-03,  4.69490E-03,  4.65283E-03,NA,NA,NA,NA,NA,NA,NA,
 -1.07270E-02, -1.11130E-02, -1.15143E-02, -1.19311E-02, -1.23639E-02, -1.28128E-02, -1.32783E-02, -1.37608E-02, -1.42608E-02, -1.47792E-02, -1.53174E-02, -1.58772E-02, -1.64615E-02, -1.70747E-02, -1.77230E-02, -1.84154E-02, -1.91648E-02, -1.99888E-02, -2.09121E-02, -2.19681E-02,NA,NA,NA,NA,NA,NA,NA,NA,NA,NA,NA,NA,NA,NA,NA,NA,NA,NA,NA,NA,NA,NA,NA,NA,NA,NA,NA,NA,NA,NA,NA,NA,NA,NA,NA,NA,NA,NA,NA,NA,NA,NA,NA,NA, -1.10078E-02, -8.61176E-03, -6.54497E-03, -4.76090E-03, -3.22206E-03, -1.89751E-03, -7.61134E-04,  2.09520E-04,  1.03412E-03,  1.73009E-03,  2.31302E-03,  2.79689E-03,  3.19427E-03,  3.51643E-03,  3.77347E-03,  3.97440E-03,  4.12719E-03,  4.23890E-03,  4.31573E-03,  4.36309E-03,  4.38569E-03,  4.38764E-03,NA,NA,NA,NA,NA,NA,NA,NA,
 -1.02611E-02, -1.06219E-02, -1.09971E-02, -1.13875E-02, -1.17935E-02, -1.22160E-02, -1.26557E-02, -1.31139E-02, -1.35920E-02, -1.40920E-02, -1.46166E-02, -1.51695E-02, -1.57556E-02, -1.63820E-02, -1.70580E-02, -1.77962E-02, -1.86137E-02, -1.95334E-02, -2.05857E-02, -2.18105E-02,NA,NA,NA,NA,NA,NA,NA,NA,NA,NA,NA,NA,NA,NA,NA,NA,NA,NA,NA,NA,NA,NA,NA,NA,NA,NA,NA,NA,NA,NA,NA,NA,NA,NA,NA,NA,NA,NA,NA,NA,NA,NA,NA,NA,NA, -1.00167E-02, -7.80449E-03, -5.90310E-03, -4.26774E-03, -2.86188E-03, -1.65524E-03, -6.22297E-04,  2.58797E-04,  1.00696E-03,  1.63877E-03,  2.16880E-03,  2.60999E-03,  2.97382E-03,  3.27045E-03,  3.50891E-03,  3.69720E-03,  3.84237E-03,  3.95061E-03,  4.02736E-03,  4.07738E-03,NA,NA,NA,NA,NA,NA,NA,NA,NA,
 -9.80566E-03, -1.01427E-02, -1.04938E-02, -1.08596E-02, -1.12411E-02, -1.16393E-02, -1.20557E-02, -1.24921E-02, -1.29507E-02, -1.34345E-02, -1.39473E-02, -1.44945E-02, -1.50827E-02, -1.57210E-02, -1.64212E-02, -1.71988E-02, -1.80743E-02, -1.90742E-02, -2.02330E-02, -2.15954E-02,NA,NA,NA,NA,NA,NA,NA,NA,NA,NA,NA,NA,NA,NA,NA,NA,NA,NA,NA,NA,NA,NA,NA,NA,NA,NA,NA,NA,NA,NA,NA,NA,NA,NA,NA,NA,NA,NA,NA,NA,NA,NA,NA,NA,NA, -1.11819E-02, -8.85411E-03, -6.85901E-03, -5.14641E-03, -3.67550E-03, -2.41271E-03, -1.33006E-03, -4.03915E-04,  3.85894E-04,  1.05677E-03,  1.62386E-03,  2.10039E-03,  2.49803E-03,  2.82701E-03,  3.09638E-03,  3.31412E-03,  3.48725E-03,  3.62195E-03,  3.72366E-03,  3.79712E-03,NA,NA,NA,NA,NA,NA,NA,NA,NA,
 -9.36020E-03, -9.67498E-03, -1.00033E-02, -1.03461E-02, -1.07047E-02, -1.10804E-02, -1.14752E-02, -1.18912E-02, -1.23316E-02, -1.28001E-02, -1.33015E-02, -1.38424E-02, -1.44307E-02, -1.50773E-02, -1.57956E-02, -1.66035E-02, -1.75235E-02, -1.85846E-02, -1.98241E-02, -2.12894E-02,NA,NA,NA,NA,NA,NA,NA,NA,NA,NA,NA,NA,NA,NA,NA,NA,NA,NA,NA,NA,NA,NA,NA,NA,NA,NA,NA,NA,NA,NA,NA,NA,NA,NA,NA,NA,NA,NA,NA,NA,NA,NA,NA,NA,NA, -1.20943E-02, -9.68537E-03, -7.62394E-03, -5.85628E-03, -4.33869E-03, -3.03533E-03, -1.91649E-03, -9.57244E-04, -1.36525E-04,  5.63690E-04,  1.15893E-03,  1.66265E-03,  2.08662E-03,  2.44110E-03,  2.73511E-03,  2.97660E-03,  3.17253E-03,  3.32904E-03,  3.45150E-03,  3.54464E-03,NA,NA,NA,NA,NA,NA,NA,NA,NA,
NA, -9.21796E-03, -9.52473E-03, -9.84581E-03, -1.01826E-02, -1.05370E-02, -1.09110E-02, -1.13075E-02, -1.17301E-02, -1.21831E-02, -1.26722E-02, -1.32047E-02, -1.37897E-02, -1.44391E-02, -1.51677E-02, -1.59944E-02, -1.69434E-02, -1.80449E-02, -1.93374E-02, -2.08691E-02, -2.27010E-02,NA,NA,NA,NA,NA,NA,NA,NA,NA,NA,NA,NA,NA,NA,NA,NA,NA,NA,NA,NA,NA,NA,NA,NA,NA,NA,NA,NA,NA,NA,NA,NA,NA,NA,NA,NA,NA,NA,NA,NA,NA,NA,NA,NA,NA, -1.02942E-02, -8.19604E-03, -6.39732E-03, -4.85280E-03, -3.52544E-03, -2.38453E-03, -1.40447E-03, -5.63671E-04,  1.56222E-04,  7.70917E-04,  1.29396E-03,  1.73710E-03,  2.11057E-03,  2.42332E-03,  2.68319E-03,  2.89705E-03,  3.07095E-03,  3.21020E-03,  3.31946E-03,NA,NA,NA,NA,NA,NA,NA,NA,NA,
NA, -8.77101E-03, -9.05712E-03, -9.35731E-03, -9.67319E-03, -1.00068E-02, -1.03606E-02, -1.07377E-02, -1.11420E-02, -1.15785E-02, -1.20534E-02, -1.25744E-02, -1.31516E-02, -1.37971E-02, -1.45267E-02, -1.53599E-02, -1.63211E-02, -1.74412E-02, -1.87583E-02, -2.03202E-02, -2.21865E-02,NA,NA,NA,NA,NA,NA,NA,NA,NA,NA,NA,NA,NA,NA,NA,NA,NA,NA,NA,NA,NA,NA,NA,NA,NA,NA,NA,NA,NA,NA,NA,NA,NA,NA,NA,NA,NA,NA,NA,NA,NA,NA,NA,NA,NA, -1.06811E-02, -8.57684E-03, -6.77181E-03, -5.22074E-03, -3.88635E-03, -2.73778E-03, -1.74927E-03, -8.99157E-04, -1.69083E-04,  4.56616E-04,  9.91397E-04,  1.44689E-03,  1.83318E-03,  2.15906E-03,  2.43225E-03,  2.65946E-03,  2.84661E-03,  2.99891E-03,  3.12092E-03,NA,NA,NA,NA,NA,NA,NA,NA,NA,
NA, -8.33351E-03, -8.59962E-03, -8.87950E-03, -9.17491E-03, -9.48802E-03, -9.82153E-03, -1.01788E-02, -1.05640E-02, -1.09823E-02, -1.14404E-02, -1.19462E-02, -1.25100E-02, -1.31444E-02, -1.38651E-02, -1.46917E-02, -1.56484E-02, -1.67653E-02, -1.80795E-02, -1.96368E-02, -2.14940E-02,NA,NA,NA,NA,NA,NA,NA,NA,NA,NA,NA,NA,NA,NA,NA,NA,NA,NA,NA,NA,NA,NA,NA,NA,NA,NA,NA,NA,NA,NA,NA,NA,NA,NA,NA,NA,NA,NA,NA,NA,NA,NA,NA,NA,NA, -1.08519E-02, -8.77143E-03, -6.98463E-03, -5.44723E-03, -4.12269E-03, -2.98069E-03, -1.99590E-03, -1.14701E-03, -4.15969E-04,  2.12595E-04,  7.51867E-04,  1.21321E-03,  1.60648E-03,  1.94025E-03,  2.22199E-03,  2.45825E-03,  2.65477E-03,  2.81662E-03,  2.94821E-03,NA,NA,NA,NA,NA,NA,NA,NA,NA,
NA, -7.90489E-03, -8.15146E-03, -8.41139E-03, -8.68652E-03, -8.97911E-03, -9.29199E-03, -9.62864E-03, -9.99337E-03, -1.03915E-02, -1.08297E-02, -1.13161E-02, -1.18608E-02, -1.24764E-02, -1.31783E-02, -1.39854E-02, -1.49211E-02, -1.60140E-02, -1.72993E-02, -1.88199E-02, -2.06283E-02,NA,NA,NA,NA,NA,NA,NA,NA,NA,NA,NA,NA,NA,NA,NA,NA,NA,NA,NA,NA,NA,NA,NA,NA,NA,NA,NA,NA,NA,NA,NA,NA,NA,NA,NA,NA,NA,NA,NA,NA,NA,NA,NA,NA,NA, -1.08164E-02, -8.78834E-03, -7.04321E-03, -5.53889E-03, -4.24044E-03, -3.11873E-03, -2.14936E-03, -1.31178E-03, -5.88569E-04,  3.51271E-05,  5.72038E-04,  1.03313E-03,  1.42790E-03,  1.76462E-03,  2.05047E-03,  2.29176E-03,  2.49404E-03,  2.66214E-03,  2.80037E-03,NA,NA,NA,NA,NA,NA,NA,NA,NA,
NA, -7.48467E-03, -7.71203E-03, -7.95218E-03, -8.20702E-03, -8.47884E-03, -8.77050E-03, -9.08551E-03, -9.42816E-03, -9.80378E-03, -1.02189E-02, -1.06815E-02, -1.12014E-02, -1.17906E-02, -1.24640E-02, -1.32393E-02, -1.41387E-02, -1.51886E-02, -1.64214E-02, -1.78764E-02, -1.96010E-02,NA,NA,NA,NA,NA,NA,NA,NA,NA,NA,NA,NA,NA,NA,NA,NA,NA,NA,NA,NA,NA,NA,NA,NA,NA,NA,NA,NA,NA,NA,NA,NA,NA,NA,NA,NA,NA,NA,NA,NA,NA,NA,NA,NA,NA, -1.05890E-02, -8.63927E-03, -6.95740E-03, -5.50419E-03, -4.24697E-03, -3.15837E-03, -2.21540E-03, -1.39860E-03, -6.91446E-04, -7.98450E-05,  4.48313E-04,  9.03465E-04,  1.29465E-03,  1.62974E-03,  1.91559E-03,  2.15820E-03,  2.36286E-03,  2.53419E-03,  2.67630E-03,  2.79277E-03,NA,NA,NA,NA,NA,NA,NA,NA,
NA, -7.07250E-03, -7.28083E-03, -7.50126E-03, -7.73566E-03, -7.98632E-03, -8.25603E-03, -8.54824E-03, -8.86712E-03, -9.21782E-03, -9.60660E-03, -1.00411E-02, -1.05306E-02, -1.10864E-02, -1.17223E-02, -1.24547E-02, -1.33038E-02, -1.42937E-02, -1.54534E-02, -1.68179E-02, -1.84290E-02,NA,NA,NA,NA,NA,NA,NA,NA,NA,NA,NA,NA,NA,NA,NA,NA,NA,NA,NA,NA,NA,NA,NA,NA,NA,NA,NA,NA,NA,NA,NA,NA,NA,NA,NA,NA,NA,NA,NA,NA,NA,NA,NA,NA,NA, -1.01870E-02, -8.33857E-03, -6.73917E-03, -5.35322E-03, -4.15091E-03, -3.10708E-03, -2.20051E-03, -1.41313E-03, -7.29594E-04, -1.36716E-04,  3.76828E-04,  8.20824E-04,  1.20376E-03,  1.53303E-03,  1.81510E-03,  2.05562E-03,  2.25957E-03,  2.43134E-03,  2.57479E-03,  2.69334E-03,NA,NA,NA,NA,NA,NA,NA,NA,
NA, -6.66813E-03, -6.85755E-03, -7.05823E-03, -7.27198E-03, -7.50100E-03, -7.74798E-03, -8.01619E-03, -8.30962E-03, -8.63310E-03, -8.99250E-03, -9.39491E-03, -9.84892E-03, -1.03649E-02, -1.09552E-02, -1.16348E-02, -1.24216E-02, -1.33369E-02, -1.44061E-02, -1.56595E-02, -1.71329E-02,NA,NA,NA,NA,NA,NA,NA,NA,NA,NA,NA,NA,NA,NA,NA,NA,NA,NA,NA,NA,NA,NA,NA,NA,NA,NA,NA,NA,NA,NA,NA,NA,NA,NA,NA,NA,NA,NA,NA,NA,NA,NA,NA,NA,NA, -9.63060E-03, -7.90275E-03, -6.40217E-03, -5.09745E-03, -3.96196E-03, -2.97316E-03, -2.11183E-03, -1.36160E-03, -7.08407E-04, -1.40193E-04,  3.53468E-04,  7.81608E-04,  1.15208E-03,  1.47175E-03,  1.74661E-03,  1.98195E-03,  2.18240E-03,  2.35205E-03,  2.49454E-03,  2.61307E-03,NA,NA,NA,NA,NA,NA,NA,NA,
NA, -6.27143E-03, -6.44201E-03, -6.62288E-03, -6.81573E-03, -7.02264E-03, -7.24613E-03, -7.48923E-03, -7.75563E-03, -8.04977E-03, -8.37702E-03, -8.74380E-03, -9.15782E-03, -9.62830E-03, -1.01662E-02, -1.07847E-02, -1.14992E-02, -1.23280E-02, -1.32927E-02, -1.44188E-02, -1.57359E-02,NA,NA,NA,NA,NA,NA,NA,NA,NA,NA,NA,NA,NA,NA,NA,NA,NA,NA,NA,NA,NA,NA,NA,NA,NA,NA,NA,NA,NA,NA,NA,NA,NA,NA,NA,NA,NA,NA,NA,NA,NA,NA,NA,NA,NA, -8.94174E-03, -7.34982E-03, -5.96137E-03, -4.74936E-03, -3.69069E-03, -2.76557E-03, -1.95706E-03, -1.25060E-03, -6.33612E-04, -9.52526E-05,  3.73900E-04,  7.82042E-04,  1.13633E-03,  1.44303E-03,  1.70764E-03,  1.93502E-03,  2.12945E-03,  2.29470E-03,  2.43414E-03,NA,NA,NA,NA,NA,NA,NA,NA,NA,
NA, -5.88240E-03, -6.03421E-03, -6.19520E-03, -6.36694E-03, -6.55132E-03, -6.75062E-03, -6.96762E-03, -7.20562E-03, -7.46861E-03, -7.76134E-03, -8.08948E-03, -8.45978E-03, -8.88021E-03, -9.36020E-03, -9.91086E-03, -1.05452E-02, -1.12784E-02, -1.21281E-02, -1.31150E-02, -1.42625E-02,NA,NA,NA,NA,NA,NA,NA,NA,NA,NA,NA,NA,NA,NA,NA,NA,NA,NA,NA,NA,NA,NA,NA,NA,NA,NA,NA,NA,NA,NA,NA,NA,NA,NA,NA,NA,NA,NA,NA,NA,NA,NA,NA,NA,NA, -8.14332E-03, -6.69872E-03, -5.43252E-03, -4.32217E-03, -3.34820E-03, -2.49376E-03, -1.74426E-03, -1.08707E-03, -5.11191E-04, -7.07503E-06,  4.33625E-04,  8.18210E-04,  1.15309E-03,  1.44389E-03,  1.69560E-03,  1.91259E-03,  2.09877E-03,  2.25759E-03,  2.39213E-03,NA,NA,NA,NA,NA,NA,NA,NA,NA,
NA, -5.50112E-03, -5.63426E-03, -5.77535E-03, -5.92581E-03, -6.08732E-03, -6.26191E-03, -6.45200E-03, -6.66050E-03, -6.89087E-03, -7.14721E-03, -7.43435E-03, -7.75800E-03, -8.12486E-03, -8.54272E-03, -9.02066E-03, -9.56918E-03, -1.02004E-02, -1.09280E-02, -1.17679E-02, -1.27377E-02,NA,NA,NA,NA,NA,NA,NA,NA,NA,NA,NA,NA,NA,NA,NA,NA,NA,NA,NA,NA,NA,NA,NA,NA,NA,NA,NA,NA,NA,NA,NA,NA,NA,NA,NA,NA,NA,NA,NA,NA,NA,NA,NA,NA,NA, -7.25854E-03, -5.96875E-03, -4.83172E-03, -3.82941E-03, -2.94595E-03, -2.16745E-03, -1.48173E-03, -8.78130E-04, -3.47283E-04,  1.19028E-04,  5.28032E-04,  8.86103E-04,  1.19886E-03,  1.47130E-03,  1.70781E-03,  1.91233E-03,  2.08835E-03,  2.23897E-03,  2.36696E-03,NA,NA,NA,NA,NA,NA,NA,NA,NA,
NA, -5.12780E-03, -5.24238E-03, -5.36363E-03, -5.49274E-03, -5.63118E-03, -5.78068E-03, -5.94331E-03, -6.12152E-03, -6.31821E-03, -6.53680E-03, -6.78126E-03, -7.05623E-03, -7.36709E-03, -7.72000E-03, -8.12205E-03, -8.58125E-03, -9.10664E-03, -9.70832E-03, -1.03975E-02, -1.11862E-02,NA,NA,NA,NA,NA,NA,NA,NA,NA,NA,NA,NA,NA,NA,NA,NA,NA,NA,NA,NA,NA,NA,NA,NA,NA,NA,NA,NA,NA,NA,NA,NA,NA,NA,NA,NA,NA,NA,NA,NA,NA,NA,NA,NA,NA, -6.31023E-03, -5.17898E-03, -4.17502E-03, -3.28460E-03, -2.49539E-03, -1.79640E-03, -1.17783E-03, -6.30970E-04, -1.48086E-04,  2.77692E-04,  6.52467E-04,  9.81670E-04,  1.27013E-03,  1.52216E-03,  1.74161E-03,  1.93190E-03,  2.09613E-03,  2.23703E-03,  2.35710E-03,NA,NA,NA,NA,NA,NA,NA,NA,NA,
NA,NA, -4.85893E-03, -4.96046E-03, -5.06827E-03, -5.18359E-03, -5.30783E-03, -5.44269E-03, -5.59016E-03, -5.75256E-03, -5.93260E-03, -6.13339E-03, -6.35852E-03, -6.61205E-03, -6.89856E-03, -7.22319E-03, -7.59159E-03, -8.00992E-03, -8.48476E-03, -9.02302E-03, -9.63172E-03,NA,NA,NA,NA,NA,NA,NA,NA,NA,NA,NA,NA,NA,NA,NA,NA,NA,NA,NA,NA,NA,NA,NA,NA,NA,NA,NA,NA,NA,NA,NA,NA,NA,NA,NA,NA,NA,NA,NA,NA,NA,NA,NA,NA, -6.40552E-03, -5.32026E-03, -4.34788E-03, -3.47802E-03, -2.70099E-03, -2.00782E-03, -1.39026E-03, -8.40828E-04, -3.52707E-04,  8.02495E-05,  4.63585E-04,  8.02295E-04,  1.10087E-03,  1.36336E-03,  1.59341E-03,  1.79428E-03,  1.96894E-03,  2.12004E-03,  2.24999E-03,  2.36094E-03,NA,NA,NA,NA,NA,NA,NA,NA,NA,
NA,NA, -4.48432E-03, -4.56635E-03, -4.65305E-03, -4.74536E-03, -4.84440E-03, -4.95148E-03, -5.06810E-03, -5.19604E-03, -5.33728E-03, -5.49412E-03, -5.66908E-03, -5.86500E-03, -6.08494E-03, -6.33219E-03, -6.61020E-03, -6.92245E-03, -7.27230E-03, -7.66279E-03, -8.09627E-03, -8.57400E-03,NA,NA,NA,NA,NA,NA,NA,NA,NA,NA,NA,NA,NA,NA,NA,NA,NA,NA,NA,NA,NA,NA,NA,NA,NA,NA,NA,NA,NA,NA,NA,NA,NA,NA,NA,NA,NA,NA,NA,NA,NA,NA,NA, -5.21027E-03, -4.30912E-03, -3.49283E-03, -2.75553E-03, -2.09123E-03, -1.49405E-03, -9.58334E-04, -4.78741E-04, -5.02698E-05,  3.31715E-04,  6.71486E-04,  9.72965E-04,  1.23974E-03,  1.47509E-03,  1.68199E-03,  1.86317E-03,  2.02110E-03,  2.15804E-03,  2.27602E-03,  2.37692E-03,NA,NA,NA,NA,NA,NA,NA,NA,NA,
NA,NA, -4.11902E-03, -4.18190E-03, -4.24779E-03, -4.31740E-03, -4.39151E-03, -4.47106E-03, -4.55710E-03, -4.65083E-03, -4.75358E-03, -4.86682E-03, -4.99212E-03, -5.13112E-03, -5.28549E-03, -5.45684E-03, -5.64657E-03, -5.85576E-03, -6.08487E-03, -6.33350E-03, -6.59990E-03, -6.88042E-03,NA,NA,NA,NA,NA,NA,NA,NA,NA,NA,NA,NA,NA,NA,NA,NA,NA,NA,NA,NA,NA,NA,NA,NA,NA,NA,NA,NA,NA,NA,NA,NA,NA,NA,NA,NA,NA,NA,NA,NA,NA,NA,NA, -4.02010E-03, -3.29550E-03, -2.62989E-03, -2.02134E-03, -1.46717E-03, -9.64308E-04, -5.09443E-04, -9.92151E-05,  2.69703E-04,  6.00534E-04,  8.96355E-04,  1.16007E-03,  1.39441E-03,  1.60192E-03,  1.78494E-03,  1.94566E-03,  2.08609E-03,  2.20809E-03,  2.31336E-03,  2.40346E-03,NA,NA,NA,NA,NA,NA,NA,NA,NA,
NA,NA, -3.76355E-03, -3.80771E-03, -3.85327E-03, -3.90065E-03, -3.95034E-03, -4.00289E-03, -4.05893E-03, -4.11913E-03, -4.18419E-03, -4.25481E-03, -4.33168E-03, -4.41535E-03, -4.50622E-03, -4.60437E-03, -4.70942E-03, -4.82031E-03, -4.93499E-03, -5.05007E-03, -5.16029E-03, -5.25786E-03,NA,NA,NA,NA,NA,NA,NA,NA,NA,NA,NA,NA,NA,NA,NA,NA,NA,NA,NA,NA,NA,NA,NA,NA,NA,NA,NA,NA,NA,NA,NA,NA,NA,NA,NA,NA,NA,NA,NA,NA,NA,NA, -3.44480E-03, -2.85425E-03, -2.29609E-03, -1.77351E-03, -1.28797E-03, -8.39687E-04, -4.28034E-04, -5.18017E-05,  2.90594E-04,  6.00965E-04,  8.81244E-04,  1.13341E-03,  1.35942E-03,  1.56120E-03,  1.74060E-03,  1.89939E-03,  2.03922E-03,  2.16168E-03,  2.26824E-03,  2.36026E-03,  2.43903E-03,NA,NA,NA,NA,NA,NA,NA,NA,NA,
NA,NA, -3.41841E-03, -3.44444E-03, -3.47026E-03, -3.49606E-03, -3.52203E-03, -3.54839E-03, -3.57534E-03, -3.60307E-03, -3.63169E-03, -3.66123E-03, -3.69154E-03, -3.72224E-03, -3.75259E-03, -3.78134E-03, -3.80656E-03, -3.82536E-03, -3.83357E-03, -3.82532E-03, -3.79246E-03, -3.72384E-03, -3.60435E-03,NA,NA,NA,NA,NA,NA,NA,NA,NA,NA,NA,NA,NA,NA,NA,NA,NA,NA,NA,NA,NA,NA,NA,NA,NA,NA,NA,NA,NA,NA,NA,NA,NA,NA,NA,NA,NA,NA,NA,NA,NA, -2.14144E-03, -1.72919E-03, -1.32536E-03, -9.36382E-04, -5.66547E-04, -2.18518E-04,  1.06231E-04,  4.07098E-04,  6.84109E-04,  9.37736E-04,  1.16876E-03,  1.37816E-03,  1.56705E-03,  1.73661E-03,  1.88806E-03,  2.02261E-03,  2.14144E-03,  2.24573E-03,  2.33657E-03,  2.41504E-03,NA,NA,NA,NA,NA,NA,NA,NA,NA,NA,
NA,NA,NA, -3.09270E-03, -3.09952E-03, -3.10455E-03, -3.10771E-03, -3.10891E-03, -3.10796E-03, -3.10461E-03, -3.09847E-03, -3.08892E-03, -3.07514E-03, -3.05588E-03, -3.02945E-03, -2.99347E-03, -2.94470E-03, -2.87877E-03, -2.78977E-03, -2.66986E-03, -2.50863E-03, -2.29235E-03, -2.00300E-03,NA,NA,NA,NA,NA,NA,NA,NA,NA,NA,NA,NA,NA,NA,NA,NA,NA,NA,NA,NA,NA,NA,NA,NA,NA,NA,NA,NA,NA,NA,NA,NA,NA,NA,NA,NA,NA,NA,NA,NA, -1.13635E-03, -9.09595E-04, -6.58559E-04, -3.95469E-04, -1.29332E-04,  1.33309E-04,  3.87801E-04,  6.30926E-04,  8.60560E-04,  1.07540E-03,  1.27476E-03,  1.45842E-03,  1.62648E-03,  1.77930E-03,  1.91739E-03,  2.04140E-03,  2.15203E-03,  2.25004E-03,  2.33620E-03,  2.41130E-03,  2.47609E-03,NA,NA,NA,NA,NA,NA,NA,NA,NA,NA,
NA,NA,NA, -2.75310E-03, -2.74177E-03, -2.72698E-03, -2.70842E-03, -2.68569E-03, -2.65829E-03, -2.62556E-03, -2.58665E-03, -2.54043E-03, -2.48545E-03, -2.41978E-03, -2.34091E-03, -2.24555E-03, -2.12941E-03, -1.98694E-03, -1.81090E-03, -1.59198E-03, -1.31812E-03, -9.73796E-04, -5.39030E-04,  1.19144E-05,NA,NA,NA,NA,NA,NA,NA,NA,NA,NA,NA,NA,NA,NA,NA,NA,NA,NA,NA,NA,NA,NA,NA,NA,NA,NA,NA,NA,NA,NA,NA,NA,NA,NA,NA,NA,NA,NA,NA,  1.74432E-04,  2.39003E-04,  3.46856E-04,  4.83716E-04,  6.38689E-04,  8.03516E-04,  9.71994E-04,  1.13952E-03,  1.30273E-03,  1.45923E-03,  1.60736E-03,  1.74605E-03,  1.87464E-03,  1.99283E-03,  2.10056E-03,  2.19795E-03,  2.28527E-03,  2.36287E-03,  2.43119E-03,  2.49070E-03,  2.54190E-03,NA,NA,NA,NA,NA,NA,NA,NA,NA,NA,
NA,NA,NA, -2.42618E-03, -2.39766E-03, -2.36414E-03, -2.32509E-03, -2.27986E-03, -2.22765E-03, -2.16746E-03, -2.09807E-03, -2.01791E-03, -1.92500E-03, -1.81687E-03, -1.69034E-03, -1.54143E-03, -1.36505E-03, -1.15476E-03, -9.02408E-04, -5.97651E-04, -2.27391E-04,  2.24964E-04,  7.80446E-04,  1.46574E-03,  2.31475E-03,NA,NA,NA,NA,NA,NA,NA,NA,NA,NA,NA,NA,NA,NA,NA,NA,NA,NA,NA,NA,NA,NA,NA,NA,NA,NA,NA,NA,NA,NA,NA,NA,NA,NA,NA,NA,NA,  1.52405E-03,  1.37102E-03,  1.29596E-03,  1.27901E-03,  1.30460E-03,  1.36060E-03,  1.43753E-03,  1.52806E-03,  1.62653E-03,  1.72863E-03,  1.83108E-03,  1.93145E-03,  2.02795E-03,  2.11931E-03,  2.20465E-03,  2.28342E-03,  2.35529E-03,  2.42014E-03,  2.47799E-03,  2.52894E-03,  2.57320E-03,NA,NA,NA,NA,NA,NA,NA,NA,NA,NA,NA,
NA,NA,NA,NA, -2.06776E-03, -2.01670E-03, -1.95852E-03, -1.89235E-03, -1.81714E-03, -1.73163E-03, -1.63425E-03, -1.52309E-03, -1.39579E-03, -1.24941E-03, -1.08031E-03, -8.83973E-04, -6.54760E-04, -3.85655E-04, -6.79124E-05,  3.09378E-04,  7.59828E-04,  1.30044E-03,  1.95246E-03,  2.74249E-03,  3.70393E-03,NA,NA,NA,NA,NA,NA,NA,NA,NA,NA,NA,NA,NA,NA,NA,NA,NA,NA,NA,NA,NA,NA,NA,NA,NA,NA,NA,NA,NA,NA,NA,NA,NA,NA,NA,NA,  3.12711E-03,  2.73047E-03,  2.44858E-03,  2.25598E-03,  2.13242E-03,  2.06175E-03,  2.03111E-03,  2.03030E-03,  2.05123E-03,  2.08751E-03,  2.13412E-03,  2.18715E-03,  2.24353E-03,  2.30094E-03,  2.35757E-03,  2.41210E-03,  2.46355E-03,  2.51124E-03,  2.55468E-03,  2.59359E-03,  2.62783E-03,  2.65734E-03,NA,NA,NA,NA,NA,NA,NA,NA,NA,NA,NA,
NA,NA,NA,NA, -1.75257E-03, -1.68524E-03, -1.60938E-03, -1.52394E-03, -1.42767E-03, -1.31908E-03, -1.19636E-03, -1.05733E-03, -8.99307E-04, -7.19060E-04, -5.12612E-04, -2.75096E-04, -5.41590E-07,  3.18382E-04,  6.90688E-04,  1.12747E-03,  1.64237E-03,  2.25223E-03,  2.97781E-03,  3.84477E-03,  4.88487E-03,  6.13751E-03,NA,NA,NA,NA,NA,NA,NA,NA,NA,NA,NA,NA,NA,NA,NA,NA,NA,NA,NA,NA,NA,NA,NA,NA,NA,NA,NA,NA,NA,NA,NA,NA,NA,NA,  4.95562E-03,  4.29749E-03,  3.79099E-03,  3.40559E-03,  3.11659E-03,  2.90402E-03,  2.75171E-03,  2.64661E-03,  2.57818E-03,  2.53792E-03,  2.51900E-03,  2.51594E-03,  2.52434E-03,  2.54073E-03,  2.56232E-03,  2.58695E-03,  2.61290E-03,  2.63888E-03,  2.66386E-03,  2.68712E-03,  2.70809E-03,  2.72639E-03,  2.74178E-03,NA,NA,NA,NA,NA,NA,NA,NA,NA,NA,NA,
NA,NA,NA,NA, -1.45245E-03, -1.37019E-03, -1.27817E-03, -1.17521E-03, -1.05990E-03, -9.30571E-04, -7.85237E-04, -6.21513E-04, -4.36535E-04, -2.26850E-04,  1.17108E-05,  2.84192E-04,  5.96706E-04,  9.56666E-04,  1.37307E-03,  1.85686E-03,  2.42133E-03,  3.08267E-03,  3.86057E-03,  4.77908E-03,  5.86750E-03,  7.16166E-03,  8.70538E-03,NA,NA,NA,NA,NA,NA,NA,NA,NA,NA,NA,NA,NA,NA,NA,NA,NA,NA,NA,NA,NA,NA,NA,NA,NA,NA,NA,NA,NA,NA,NA,NA,  6.96379E-03,  6.03765E-03,  5.29756E-03,  4.70896E-03,  4.24346E-03,  3.87778E-03,  3.59280E-03,  3.37283E-03,  3.20502E-03,  3.07884E-03,  2.98568E-03,  2.91851E-03,  2.87159E-03,  2.84026E-03,  2.82072E-03,  2.80992E-03,  2.80538E-03,  2.80513E-03,  2.80759E-03,  2.81151E-03,  2.81592E-03,  2.82005E-03,  2.82334E-03,NA,NA,NA,NA,NA,NA,NA,NA,NA,NA,NA,NA,
NA,NA,NA,NA,NA, -1.07187E-03, -9.65258E-04, -8.46562E-04, -7.14261E-04, -5.66568E-04, -4.01372E-04, -2.16166E-04, -7.96886E-06,  2.26773E-04,  4.92306E-04,  7.93711E-04,  1.13707E-03,  1.52969E-03,  1.98031E-03,  2.49946E-03,  3.09976E-03,  3.79637E-03,  4.60753E-03,  5.55512E-03,  6.66548E-03,  7.97019E-03,  9.50722E-03,NA,NA,NA,NA,NA,NA,NA,NA,NA,NA,NA,NA,NA,NA,NA,NA,NA,NA,NA,NA,NA,NA,NA,NA,NA,NA,NA,NA,NA,NA,NA,  9.08719E-03,  7.90105E-03,  6.92977E-03,  6.13650E-03,  5.49047E-03,  4.96599E-03,  4.54164E-03,  4.19959E-03,  3.92503E-03,  3.70560E-03,  3.53110E-03,  3.39304E-03,  3.28439E-03,  3.19934E-03,  3.13311E-03,  3.08174E-03,  3.04199E-03,  3.01120E-03,  2.98719E-03,  2.96819E-03,  2.95277E-03,  2.93977E-03,  2.92827E-03,  2.91753E-03,NA,NA,NA,NA,NA,NA,NA,NA,NA,NA,NA,NA,
NA,NA,NA,NA,NA, -7.90449E-04, -6.70826E-04, -5.38195E-04, -3.90965E-04, -2.27276E-04, -4.49466E-05,  1.58587E-04,  3.86345E-04,  6.41895E-04,  9.29456E-04,  1.25402E-03,  1.62152E-03,  2.03896E-03,  2.51467E-03,  3.05854E-03,  3.68228E-03,  4.39979E-03,  5.22751E-03,  6.18493E-03,  7.29505E-03,  8.58498E-03,  1.00866E-02,  1.18371E-02,NA,NA,NA,NA,NA,NA,NA,NA,NA,NA,NA,NA,NA,NA,NA,NA,NA,NA,NA,NA,NA,NA,NA,NA,NA,NA,NA,NA,NA,  1.12438E-02,  9.82282E-03,  8.63634E-03,  7.64779E-03,  6.82583E-03,  6.14376E-03,  5.57887E-03,  5.11196E-03,  4.72676E-03,  4.40956E-03,  4.14883E-03,  3.93483E-03,  3.75943E-03,  3.61577E-03,  3.49813E-03,  3.40172E-03,  3.32254E-03,  3.25727E-03,  3.20313E-03,  3.15783E-03,  3.11947E-03,  3.08648E-03,  3.05757E-03,  3.03169E-03,NA,NA,NA,NA,NA,NA,NA,NA,NA,NA,NA,NA,NA,
NA,NA,NA,NA,NA,NA, -3.94922E-04, -2.50141E-04, -9.00128E-05,  8.73530E-05,  2.84157E-04,  5.02963E-04,  7.46768E-04,  1.01908E-03,  1.32399E-03,  1.66633E-03,  2.05174E-03,  2.48683E-03,  2.97936E-03,  3.53845E-03,  4.17473E-03,  4.90068E-03,  5.73081E-03,  6.68204E-03,  7.77399E-03,  9.02929E-03,  1.04739E-02,  1.21373E-02,NA,NA,NA,NA,NA,NA,NA,NA,NA,NA,NA,NA,NA,NA,NA,NA,NA,NA,NA,NA,NA,NA,NA,NA,NA,NA,NA,NA,NA,  1.17255E-02,  1.03548E-02,  9.19243E-03,  8.20903E-03,  7.37860E-03,  6.67853E-03,  6.08924E-03,  5.59384E-03,  5.17783E-03,  4.82879E-03,  4.53611E-03,  4.29076E-03,  4.08506E-03,  3.91248E-03,  3.76749E-03,  3.64542E-03,  3.54232E-03,  3.45486E-03,  3.38024E-03,  3.31610E-03,  3.26047E-03,  3.21170E-03,  3.16840E-03,  3.12945E-03,NA,NA,NA,NA,NA,NA,NA,NA,NA,NA,NA,NA,NA,
NA,NA,NA,NA,NA,NA, -1.37448E-04,  1.77431E-05,  1.88796E-04,  3.77596E-04,  5.86322E-04,  8.17491E-04,  1.07402E-03,  1.35929E-03,  1.67723E-03,  2.03238E-03,  2.43004E-03,  2.87633E-03,  3.37836E-03,  3.94436E-03,  4.58382E-03,  5.30770E-03,  6.12855E-03,  7.06076E-03,  8.12062E-03,  9.32654E-03,  1.06990E-02,  1.22606E-02,  1.40354E-02,NA,NA,NA,NA,NA,NA,NA,NA,NA,NA,NA,NA,NA,NA,NA,NA,NA,NA,NA,NA,NA,NA,NA,NA,NA,NA,NA,  1.35242E-02,  1.20146E-02,  1.07123E-02,  9.59230E-03,  8.63138E-03,  7.80866E-03,  7.10544E-03,  6.50519E-03,  5.99336E-03,  5.55728E-03,  5.18591E-03,  4.86968E-03,  4.60034E-03,  4.37079E-03,  4.17491E-03,  4.00749E-03,  3.86402E-03,  3.74070E-03,  3.63426E-03,  3.54193E-03,  3.46134E-03,  3.39051E-03,  3.32773E-03,  3.27157E-03,NA,NA,NA,NA,NA,NA,NA,NA,NA,NA,NA,NA,NA,NA,
NA,NA,NA,NA,NA,NA,NA,  2.65751E-04,  4.45836E-04,  6.43935E-04,  8.62168E-04,  1.10297E-03,  1.36913E-03,  1.66385E-03,  1.99084E-03,  2.35433E-03,  2.75918E-03,  3.21099E-03,  3.71615E-03,  4.28196E-03,  4.91676E-03,  5.62996E-03,  6.43224E-03,  7.33551E-03,  8.35302E-03,  9.49933E-03,  1.07901E-02,  1.22419E-02,  1.38717E-02,NA,NA,NA,NA,NA,NA,NA,NA,NA,NA,NA,NA,NA,NA,NA,NA,NA,NA,NA,NA,NA,NA,NA,NA,NA,NA,NA,  1.35430E-02,  1.21455E-02,  1.09233E-02,  9.85821E-03,  8.93260E-03,  8.13007E-03,  7.43554E-03,  6.83533E-03,  6.31718E-03,  5.87020E-03,  5.48475E-03,  5.15235E-03,  4.86559E-03,  4.61801E-03,  4.40398E-03,  4.21863E-03,  4.05774E-03,  3.91767E-03,  3.79528E-03,  3.68788E-03,  3.59315E-03,  3.50911E-03,  3.43406E-03,  3.36655E-03,NA,NA,NA,NA,NA,NA,NA,NA,NA,NA,NA,NA,NA,NA,
NA,NA,NA,NA,NA,NA,NA,  4.94313E-04,  6.81640E-04,  8.87029E-04,  1.11251E-03,  1.36041E-03,  1.63336E-03,  1.93436E-03,  2.26683E-03,  2.63467E-03,  3.04229E-03,  3.49469E-03,  3.99756E-03,  4.55727E-03,  5.18099E-03,  5.87669E-03,  6.65324E-03,  7.52032E-03,  8.48842E-03,  9.56871E-03,  1.07728E-02,  1.21122E-02,  1.35981E-02,  1.52399E-02,NA,NA,NA,NA,NA,NA,NA,NA,NA,NA,NA,NA,NA,NA,NA,NA,NA,NA,NA,NA,NA,NA,NA,NA,NA,  1.48713E-02,  1.34312E-02,  1.21491E-02,  1.10133E-02,  1.00111E-02,  9.12970E-03,  8.35660E-03,  7.67988E-03,  7.08850E-03,  6.57230E-03,  6.12208E-03,  5.72957E-03,  5.38739E-03,  5.08897E-03,  4.82853E-03,  4.60096E-03,  4.40179E-03,  4.22711E-03,  4.07351E-03,  3.93801E-03,  3.81803E-03,  3.71134E-03,  3.61601E-03,  3.53036E-03,NA,NA,NA,NA,NA,NA,NA,NA,NA,NA,NA,NA,NA,NA,NA,
NA,NA,NA,NA,NA,NA,NA,NA,  8.96875E-04,  1.10769E-03,  1.33835E-03,  1.59103E-03,  1.86820E-03,  2.17262E-03,  2.50742E-03,  2.87612E-03,  3.28267E-03,  3.73151E-03,  4.22758E-03,  4.77637E-03,  5.38394E-03,  6.05693E-03,  6.80253E-03,  7.62843E-03,  8.54273E-03,  9.55372E-03,  1.06696E-02,  1.18980E-02,  1.32456E-02,  1.47167E-02,  1.63128E-02,NA,NA,NA,NA,NA,NA,NA,NA,NA,NA,NA,NA,NA,NA,NA,NA,NA,NA,NA,NA,NA,NA,NA,  1.59434E-02,  1.45161E-02,  1.32205E-02,  1.20524E-02,  1.10049E-02,  1.00700E-02,  9.23857E-03,  8.50134E-03,  7.84922E-03,  7.27343E-03,  6.76576E-03,  6.31857E-03,  5.92487E-03,  5.57834E-03,  5.27324E-03,  5.00446E-03,  4.76745E-03,  4.55814E-03,  4.37297E-03,  4.20877E-03,  4.06277E-03,  3.93254E-03,  3.81594E-03,  3.71113E-03,  3.61648E-03,NA,NA,NA,NA,NA,NA,NA,NA,NA,NA,NA,NA,NA,NA,NA,
NA,NA,NA,NA,NA,NA,NA,NA,NA,  1.30684E-03,  1.54079E-03,  1.79617E-03,  2.07526E-03,  2.38058E-03,  2.71495E-03,  3.08152E-03,  3.48378E-03,  3.92560E-03,  4.41122E-03,  4.94528E-03,  5.53284E-03,  6.17930E-03,  6.89039E-03,  7.67207E-03,  8.53037E-03,  9.47121E-03,  1.05001E-02,  1.16216E-02,  1.28389E-02,  1.41532E-02,  1.55621E-02,  1.70594E-02,NA,NA,NA,NA,NA,NA,NA,NA,NA,NA,NA,NA,NA,NA,NA,NA,NA,NA,NA,NA,NA,  1.67216E-02,  1.53599E-02,  1.40972E-02,  1.29369E-02,  1.18782E-02,  1.09183E-02,  1.00521E-02,  9.27369E-03,  8.57649E-03,  7.95369E-03,  7.39854E-03,  6.90449E-03,  6.46533E-03,  6.07525E-03,  5.72889E-03,  5.42134E-03,  5.14814E-03,  4.90525E-03,  4.68906E-03,  4.49634E-03,  4.32421E-03,  4.17009E-03,  4.03174E-03,  3.90714E-03,  3.79455E-03,NA,NA,NA,NA,NA,NA,NA,NA,NA,NA,NA,NA,NA,NA,NA,NA,
NA,NA,NA,NA,NA,NA,NA,NA,NA,  1.48552E-03,  1.72105E-03,  1.97728E-03,  2.25627E-03,  2.56029E-03,  2.89188E-03,  3.25380E-03,  3.64909E-03,  4.08107E-03,  4.55336E-03,  5.06981E-03,  5.63455E-03,  6.25189E-03,  6.92630E-03,  7.66224E-03,  8.46406E-03,  9.33575E-03,  1.02807E-02,  1.13011E-02,  1.23980E-02,  1.35698E-02,  1.48125E-02,  1.61181E-02,  1.74741E-02,NA,NA,NA,NA,NA,NA,NA,NA,NA,NA,NA,NA,NA,NA,NA,NA,NA,NA,NA,  1.71910E-02,  1.59395E-02,  1.47517E-02,  1.36373E-02,  1.26015E-02,  1.16460E-02,  1.07704E-02,  9.97231E-03,  9.24802E-03,  8.59313E-03,  8.00274E-03,  7.47178E-03,  6.99515E-03,  6.56790E-03,  6.18527E-03,  5.84280E-03,  5.53632E-03,  5.26200E-03,  5.01633E-03,  4.79611E-03,  4.59844E-03,  4.42074E-03,  4.26067E-03,  4.11613E-03,  3.98529E-03,NA,NA,NA,NA,NA,NA,NA,NA,NA,NA,NA,NA,NA,NA,NA,NA,NA,
NA,NA,NA,NA,NA,NA,NA,NA,NA,NA,  1.88042E-03,  2.13586E-03,  2.41300E-03,  2.71386E-03,  3.04067E-03,  3.39584E-03,  3.78200E-03,  4.20196E-03,  4.65872E-03,  5.15545E-03,  5.69546E-03,  6.28212E-03,  6.91880E-03,  7.60873E-03,  8.35488E-03,  9.15974E-03,  1.00250E-02,  1.09514E-02,  1.19380E-02,  1.29821E-02,  1.40782E-02,  1.52179E-02,  1.63891E-02,  1.75751E-02,  1.87550E-02,NA,NA,NA,NA,NA,NA,NA,NA,NA,NA,NA,NA,NA,NA,NA,  1.84802E-02,  1.73599E-02,  1.62510E-02,  1.51718E-02,  1.41362E-02,  1.31540E-02,  1.22312E-02,  1.13715E-02,  1.05758E-02,  9.84356E-03,  9.17296E-03,  8.56121E-03,  8.00495E-03,  7.50050E-03,  7.04400E-03,  6.63155E-03,  6.25936E-03,  5.92374E-03,  5.62124E-03,  5.34857E-03,  5.10273E-03,  4.88092E-03,  4.68059E-03,  4.49941E-03,  4.33530E-03,  4.18633E-03,NA,NA,NA,NA,NA,NA,NA,NA,NA,NA,NA,NA,NA,NA,NA,NA,NA,NA,
NA,NA,NA,NA,NA,NA,NA,NA,NA,NA,NA,  2.27346E-03,  2.54725E-03,  2.84337E-03,  3.16376E-03,  3.51051E-03,  3.88583E-03,  4.29208E-03,  4.73173E-03,  5.20733E-03,  5.72147E-03,  6.27670E-03,  6.87550E-03,  7.52008E-03,  8.21233E-03,  8.95355E-03,  9.74428E-03,  1.05840E-02,  1.14707E-02,  1.24009E-02,  1.33685E-02,  1.43653E-02,  1.53798E-02,  1.63974E-02,  1.74003E-02,  1.83672E-02,  1.92744E-02,NA,NA,NA,NA,NA,NA,NA,NA,NA,NA,  1.98892E-02,  1.90702E-02,  1.81841E-02,  1.72560E-02,  1.63084E-02,  1.53607E-02,  1.44289E-02,  1.35256E-02,  1.26603E-02,  1.18395E-02,  1.10674E-02,  1.03463E-02,  9.67683E-03,  9.05840E-03,  8.48951E-03,  7.96805E-03,  7.49143E-03,  7.05682E-03,  6.66126E-03,  6.30174E-03,  5.97530E-03,  5.67908E-03,  5.41035E-03,  5.16652E-03,  4.94520E-03,  4.74416E-03,  4.56135E-03,  4.39488E-03,  4.24305E-03,NA,NA,NA,NA,NA,NA,NA,NA,NA,NA,NA,NA,NA,NA,NA,NA,NA,NA,
NA,NA,NA,NA,NA,NA,NA,NA,NA,NA,NA,NA,  2.66081E-03,  2.95089E-03,  3.26354E-03,  3.60053E-03,  3.96373E-03,  4.35507E-03,  4.77654E-03,  5.23015E-03,  5.71788E-03,  6.24162E-03,  6.80308E-03,  7.40367E-03,  8.04442E-03,  8.72576E-03,  9.44735E-03,  1.02079E-02,  1.10048E-02,  1.18339E-02,  1.26893E-02,  1.35631E-02,  1.44449E-02,  1.53219E-02,  1.61792E-02,  1.69993E-02,  1.77633E-02,  1.84511E-02,  1.90429E-02,  1.95203E-02,  1.98674E-02,  2.00725E-02,  2.01288E-02,  2.00354E-02,  1.97972E-02,  1.94243E-02,  1.89314E-02,  1.83365E-02,  1.76595E-02,  1.69207E-02,  1.61399E-02,  1.53352E-02,  1.45231E-02,  1.37171E-02,  1.29284E-02,  1.21660E-02,  1.14364E-02,  1.07440E-02,  1.00919E-02,  9.48134E-03,  8.91280E-03,  8.38570E-03,  7.89886E-03,  7.45060E-03,  7.03893E-03,  6.66162E-03,  6.31639E-03,  6.00087E-03,  5.71276E-03,  5.44978E-03,  5.20977E-03,  4.99069E-03,  4.79060E-03,  4.60772E-03,  4.44038E-03,NA,NA,NA,NA,NA,NA,NA,NA,NA,NA,NA,NA,NA,NA,NA,NA,NA,NA,NA,
NA,NA,NA,NA,NA,NA,NA,NA,NA,NA,NA,NA,NA,  3.03844E-03,  3.34230E-03,  3.66854E-03,  4.01867E-03,  4.39428E-03,  4.79694E-03,  5.22819E-03,  5.68949E-03,  6.18217E-03,  6.70734E-03,  7.26577E-03,  7.85784E-03,  8.48334E-03,  9.14133E-03,  9.82998E-03,  1.05464E-02,  1.12862E-02,  1.20439E-02,  1.28119E-02,  1.35811E-02,  1.43405E-02,  1.50775E-02,  1.57778E-02,  1.64263E-02,  1.70071E-02,  1.75051E-02,  1.79062E-02,  1.81984E-02,  1.83730E-02,  1.84251E-02,  1.83539E-02,  1.81631E-02,  1.78603E-02,  1.74565E-02,  1.69654E-02,  1.64021E-02,  1.57825E-02,  1.51224E-02,  1.44366E-02,  1.37385E-02,  1.30398E-02,  1.23504E-02,  1.16784E-02,  1.10298E-02,  1.04095E-02,  9.82044E-03,  9.26474E-03,  8.74334E-03,  8.25639E-03,  7.80340E-03,  7.38341E-03,  6.99509E-03,  6.63686E-03,  6.30699E-03,  6.00366E-03,  5.72502E-03,  5.46923E-03,  5.23449E-03,  5.01908E-03,  4.82134E-03,  4.63973E-03,NA,NA,NA,NA,NA,NA,NA,NA,NA,NA,NA,NA,NA,NA,NA,NA,NA,NA,NA,NA,
NA,NA,NA,NA,NA,NA,NA,NA,NA,NA,NA,NA,NA,NA,  3.40222E-03,  3.71697E-03,  4.05343E-03,  4.41283E-03,  4.79640E-03,  5.20528E-03,  5.64052E-03,  6.10296E-03,  6.59325E-03,  7.11168E-03,  7.65812E-03,  8.23191E-03,  8.83173E-03,  9.45545E-03,  1.01000E-02,  1.07612E-02,  1.14336E-02,  1.21107E-02,  1.27842E-02,  1.34449E-02,  1.40820E-02,  1.46839E-02,  1.52385E-02,  1.57333E-02,  1.61563E-02,  1.64968E-02,  1.67456E-02,  1.68962E-02,  1.69449E-02,  1.68911E-02,  1.67376E-02,  1.64901E-02,  1.61571E-02,  1.57489E-02,  1.52774E-02,  1.47551E-02,  1.41945E-02,  1.36077E-02,  1.30058E-02,  1.23988E-02,  1.17952E-02,  1.12022E-02,  1.06256E-02,  1.00699E-02,  9.53841E-03,  9.03332E-03,  8.55604E-03,  8.10720E-03,  7.68687E-03,  7.29459E-03,  6.92958E-03,  6.59077E-03,  6.27691E-03,  5.98662E-03,  5.71846E-03,  5.47095E-03,  5.24262E-03,  5.03203E-03,  4.83779E-03,NA,NA,NA,NA,NA,NA,NA,NA,NA,NA,NA,NA,NA,NA,NA,NA,NA,NA,NA,NA,NA,
NA,NA,NA,NA,NA,NA,NA,NA,NA,NA,NA,NA,NA,NA,NA,  3.74813E-03,  4.07054E-03,  4.41354E-03,  4.77803E-03,  5.16485E-03,  5.57467E-03,  6.00799E-03,  6.46506E-03,  6.94581E-03,  7.44976E-03,  7.97594E-03,  8.52279E-03,  9.08804E-03,  9.66861E-03,  1.02605E-02,  1.08588E-02,  1.14575E-02,  1.20495E-02,  1.26269E-02,  1.31807E-02,  1.37014E-02,  1.41791E-02,  1.46039E-02,  1.49664E-02,  1.52582E-02,  1.54724E-02,  1.56038E-02,  1.56496E-02,  1.56096E-02,  1.54857E-02,  1.52823E-02,  1.50060E-02,  1.46648E-02,  1.42680E-02,  1.38255E-02,  1.33474E-02,  1.28434E-02,  1.23229E-02,  1.17942E-02,  1.12648E-02,  1.07410E-02,  1.02281E-02,  9.73027E-03,  9.25084E-03,  8.79217E-03,  8.35588E-03,  7.94293E-03,  7.55374E-03,  7.18828E-03,  6.84618E-03,  6.52678E-03,  6.22921E-03,  5.95248E-03,  5.69548E-03,  5.45704E-03,  5.23599E-03,  5.03114E-03,NA,NA,NA,NA,NA,NA,NA,NA,NA,NA,NA,NA,NA,NA,NA,NA,NA,NA,NA,NA,NA,NA,
NA,NA,NA,NA,NA,NA,NA,NA,NA,NA,NA,NA,NA,NA,NA,NA,  4.07234E-03,  4.39896E-03,  4.74464E-03,  5.10991E-03,  5.49519E-03,  5.90068E-03,  6.32633E-03,  6.77182E-03,  7.23641E-03,  7.71894E-03,  8.21771E-03,  8.73044E-03,  9.25413E-03,  9.78507E-03,  1.03187E-02,  1.08498E-02,  1.13723E-02,  1.18792E-02,  1.23631E-02,  1.28162E-02,  1.32304E-02,  1.35979E-02,  1.39111E-02,  1.41635E-02,  1.43495E-02,  1.44654E-02,  1.45089E-02,  1.44797E-02,  1.43795E-02,  1.42117E-02,  1.39813E-02,  1.36946E-02,  1.33590E-02,  1.29824E-02,  1.25729E-02,  1.21385E-02,  1.16870E-02,  1.12254E-02,  1.07602E-02,  1.02968E-02,  9.84017E-03,  9.39408E-03,  8.96170E-03,  8.54542E-03,  8.14698E-03,  7.76756E-03,  7.40783E-03,  7.06808E-03,  6.74822E-03,  6.44793E-03,  6.16667E-03,  5.90373E-03,  5.65829E-03,  5.42948E-03,  5.21634E-03,NA,NA,NA,NA,NA,NA,NA,NA,NA,NA,NA,NA,NA,NA,NA,NA,NA,NA,NA,NA,NA,NA,NA,
NA,NA,NA,NA,NA,NA,NA,NA,NA,NA,NA,NA,NA,NA,NA,NA,NA,  4.37140E-03,  4.69868E-03,  5.04311E-03,  5.40487E-03,  5.78393E-03,  6.18006E-03,  6.59270E-03,  7.02098E-03,  7.46361E-03,  7.91886E-03,  8.38447E-03,  8.85762E-03,  9.33488E-03,  9.81219E-03,  1.02849E-02,  1.07476E-02,  1.11946E-02,  1.16197E-02,  1.20162E-02,  1.23777E-02,  1.26978E-02,  1.29705E-02,  1.31905E-02,  1.33537E-02,  1.34568E-02,  1.34983E-02,  1.34778E-02,  1.33968E-02,  1.32577E-02,  1.30647E-02,  1.28228E-02,  1.25376E-02,  1.22157E-02,  1.18636E-02,  1.14880E-02,  1.10952E-02,  1.06912E-02,  1.02815E-02,  9.87105E-03,  9.46404E-03,  9.06406E-03,  8.67405E-03,  8.29634E-03,  7.93270E-03,  7.58444E-03,  7.25239E-03,  6.93705E-03,  6.63859E-03,  6.35691E-03,  6.09173E-03,  5.84259E-03,  5.60893E-03,NA,NA,NA,NA,NA,NA,NA,NA,NA,NA,NA,NA,NA,NA,NA,NA,NA,NA,NA,NA,NA,NA,NA,NA,NA,
NA,NA,NA,NA,NA,NA,NA,NA,NA,NA,NA,NA,NA,NA,NA,NA,NA,NA,  4.64234E-03,  4.96674E-03,  5.30610E-03,  5.66022E-03,  6.02871E-03,  6.41089E-03,  6.80577E-03,  7.21203E-03,  7.62793E-03,  8.05132E-03,  8.47957E-03,  8.90953E-03,  9.33760E-03,  9.75964E-03,  1.01711E-02,  1.05670E-02,  1.09421E-02,  1.12911E-02,  1.16085E-02,  1.18891E-02,  1.21282E-02,  1.23216E-02,  1.24657E-02,  1.25583E-02,  1.25980E-02,  1.25846E-02,  1.25191E-02,  1.24036E-02,  1.22413E-02,  1.20362E-02,  1.17930E-02,  1.15168E-02,  1.12130E-02,  1.08870E-02,  1.05443E-02,  1.01899E-02,  9.82841E-03,  9.46423E-03,  9.10106E-03,  8.74215E-03,  8.39023E-03,  8.04751E-03,  7.71576E-03,  7.39631E-03,  7.09013E-03,  6.79784E-03,  6.51978E-03,  6.25606E-03,  6.00658E-03,  5.77109E-03,NA,NA,NA,NA,NA,NA,NA,NA,NA,NA,NA,NA,NA,NA,NA,NA,NA,NA,NA,NA,NA,NA,NA,NA,NA,NA,
NA,NA,NA,NA,NA,NA,NA,NA,NA,NA,NA,NA,NA,NA,NA,NA,NA,NA,NA,NA,  5.20093E-03,  5.53162E-03,  5.87433E-03,  6.22833E-03,  6.59257E-03,  6.96572E-03,  7.34610E-03,  7.73167E-03,  8.12000E-03,  8.50825E-03,  8.89321E-03,  9.27126E-03,  9.63846E-03,  9.99059E-03,  1.03232E-02,  1.06319E-02,  1.09122E-02,  1.11597E-02,  1.13707E-02,  1.15418E-02,  1.16702E-02,  1.17540E-02,  1.17920E-02,  1.17843E-02,  1.17315E-02,  1.16355E-02,  1.14986E-02,  1.13241E-02,  1.11159E-02,  1.08780E-02,  1.06150E-02,  1.03313E-02,  1.00314E-02,  9.71971E-03,  9.40017E-03,  9.07651E-03,  8.75205E-03,  8.42970E-03,  8.11197E-03,  7.80095E-03,  7.49832E-03,  7.20544E-03,  6.92332E-03,  6.65267E-03,  6.39396E-03,  6.14743E-03,  5.91314E-03,NA,NA,NA,NA,NA,NA,NA,NA,NA,NA,NA,NA,NA,NA,NA,NA,NA,NA,NA,NA,NA,NA,NA,NA,NA,NA,NA,
NA,NA,NA,NA,NA,NA,NA,NA,NA,NA,NA,NA,NA,NA,NA,NA,NA,NA,NA,NA,NA,  5.39983E-03,  5.71859E-03,  6.04659E-03,  6.38276E-03,  6.72581E-03,  7.07413E-03,  7.42582E-03,  7.77864E-03,  8.13005E-03,  8.47719E-03,  8.81691E-03,  9.14580E-03,  9.46025E-03,  9.75655E-03,  1.00309E-02,  1.02797E-02,  1.04994E-02,  1.06868E-02,  1.08391E-02,  1.09542E-02,  1.10305E-02,  1.10672E-02,  1.10640E-02,  1.10218E-02,  1.09417E-02,  1.08260E-02,  1.06771E-02,  1.04982E-02,  1.02927E-02,  1.00643E-02,  9.81665E-03,  9.55363E-03,  9.27885E-03,  8.99579E-03,  8.70766E-03,  8.41740E-03,  8.12761E-03,  7.84056E-03,  7.55819E-03,  7.28212E-03,  7.01366E-03,  6.75384E-03,  6.50342E-03,  6.26296E-03,NA,NA,NA,NA,NA,NA,NA,NA,NA,NA,NA,NA,NA,NA,NA,NA,NA,NA,NA,NA,NA,NA,NA,NA,NA,NA,NA,NA,NA,
NA,NA,NA,NA,NA,NA,NA,NA,NA,NA,NA,NA,NA,NA,NA,NA,NA,NA,NA,NA,NA,NA,NA,  5.86688E-03,  6.17738E-03,  6.49308E-03,  6.81247E-03,  7.13378E-03,  7.45499E-03,  7.77381E-03,  8.08771E-03,  8.39393E-03,  8.68954E-03,  8.97144E-03,  9.23649E-03,  9.48152E-03,  9.70346E-03,  9.89943E-03,  1.00668E-02,  1.02033E-02,  1.03072E-02,  1.03771E-02,  1.04124E-02,  1.04130E-02,  1.03794E-02,  1.03128E-02,  1.02147E-02,  1.00873E-02,  9.93318E-03,  9.75510E-03,  9.55614E-03,  9.33942E-03,  9.10814E-03,  8.86539E-03,  8.61416E-03,  8.35724E-03,  8.09722E-03,  7.83641E-03,  7.57688E-03,  7.32041E-03,  7.06851E-03,  6.82245E-03,  6.58323E-03,NA,NA,NA,NA,NA,NA,NA,NA,NA,NA,NA,NA,NA,NA,NA,NA,NA,NA,NA,NA,NA,NA,NA,NA,NA,NA,NA,NA,NA,NA,NA,
NA,NA,NA,NA,NA,NA,NA,NA,NA,NA,NA,NA,NA,NA,NA,NA,NA,NA,NA,NA,NA,NA,NA,NA,NA,  6.26805E-03,  6.56133E-03,  6.85539E-03,  7.14841E-03,  7.43835E-03,  7.72295E-03,  7.99983E-03,  8.26642E-03,  8.52008E-03,  8.75815E-03,  8.97794E-03,  9.17689E-03,  9.35259E-03,  9.50287E-03,  9.62588E-03,  9.72013E-03,  9.78459E-03,  9.81868E-03,  9.82233E-03,  9.79597E-03,  9.74049E-03,  9.65726E-03,  9.54803E-03,  9.41488E-03,  9.26016E-03,  9.08640E-03,  8.89626E-03,  8.69240E-03,  8.47749E-03,  8.25409E-03,  8.02463E-03,  7.79137E-03,  7.55639E-03,  7.32154E-03,  7.08845E-03,  6.85853E-03,NA,NA,NA,NA,NA,NA,NA,NA,NA,NA,NA,NA,NA,NA,NA,NA,NA,NA,NA,NA,NA,NA,NA,NA,NA,NA,NA,NA,NA,NA,NA,NA,NA,
NA,NA,NA,NA,NA,NA,NA,NA,NA,NA,NA,NA,NA,NA,NA,NA,NA,NA,NA,NA,NA,NA,NA,NA,NA,NA,NA,  6.59033E-03,  6.85818E-03,  7.12246E-03,  7.38119E-03,  7.63226E-03,  7.87347E-03,  8.10255E-03,  8.31721E-03,  8.51519E-03,  8.69433E-03,  8.85261E-03,  8.98823E-03,  9.09964E-03,  9.18564E-03,  9.24534E-03,  9.27829E-03,  9.28442E-03,  9.26407E-03,  9.21800E-03,  9.14732E-03,  9.05347E-03,  8.93820E-03,  8.80344E-03,  8.65134E-03,  8.48411E-03,  8.30403E-03,  8.11338E-03,  7.91436E-03,  7.70909E-03,  7.49956E-03,  7.28761E-03,  7.07490E-03,NA,NA,NA,NA,NA,NA,NA,NA,NA,NA,NA,NA,NA,NA,NA,NA,NA,NA,NA,NA,NA,NA,NA,NA,NA,NA,NA,NA,NA,NA,NA,NA,NA,NA,NA,
