 -4.80469E-03, -4.92469E-03, -5.04605E-03, -5.16852E-03, -5.29184E-03, -5.41567E-03, -5.53968E-03, -5.66347E-03, -5.78659E-03, -5.90855E-03, -6.02880E-03, -6.14674E-03, -6.26172E-03, -6.37301E-03, -6.47984E-03, -6.58137E-03, -6.67670E-03, -6.76488E-03, -6.84490E-03, -6.91570E-03, -6.97617E-03, -7.02517E-03, -7.06153E-03, -7.08407E-03, -7.09161E-03, -7.08299E-03, -7.05709E-03, -7.01284E-03, -6.94927E-03, -6.86551E-03, -6.76084E-03, -6.63469E-03, -6.48671E-03, -6.31674E-03, -6.12490E-03, -5.91157E-03, -5.67741E-03, -5.42340E-03, -5.15082E-03, -4.86125E-03, -4.55657E-03, -4.23893E-03, -3.91076E-03, -3.57466E-03, -3.23342E-03, -2.88992E-03, -2.54712E-03, -2.20794E-03, -1.87524E-03, -1.55175E-03, -1.23999E-03, -9.42247E-04, -6.60513E-04, -3.96457E-04, -1.51404E-04,  7.36735E-05,  2.78160E-04,  4.61782E-04,  6.24583E-04,  7.66904E-04,  8.89341E-04,  9.92709E-04,  1.07801E-03,  1.14636E-03,  1.19902E-03,  1.23727E-03,  1.26245E-03,  1.27589E-03,  1.27890E-03,  1.27274E-03,  1.25863E-03,  1.23770E-03,  1.21102E-03,  1.17957E-03,  1.14423E-03,  1.10582E-03,  1.06506E-03,  1.02259E-03,  9.78970E-04,  9.34705E-04,  8.90217E-04,  8.45871E-04,  8.01977E-04,  7.58793E-04,  7.16532E-04,
 -4.90015E-03, -5.02609E-03, -5.15367E-03, -5.28265E-03, -5.41275E-03, -5.54365E-03, -5.67501E-03, -5.80640E-03, -5.93739E-03, -6.06744E-03, -6.19600E-03, -6.32244E-03, -6.44605E-03, -6.56608E-03, -6.68170E-03, -6.79201E-03, -6.89605E-03, -6.99277E-03, -7.08108E-03, -7.15982E-03, -7.22776E-03, -7.28364E-03, -7.32616E-03, -7.35399E-03, -7.36579E-03, -7.36024E-03, -7.33606E-03, -7.29201E-03, -7.22695E-03, -7.13985E-03, -7.02982E-03, -6.89618E-03, -6.73843E-03, -6.55635E-03, -6.34998E-03, -6.11968E-03, -5.86614E-03, -5.59040E-03, -5.29386E-03, -4.97828E-03, -4.64576E-03, -4.29876E-03, -3.94000E-03, -3.57246E-03, -3.19935E-03, -2.82399E-03, -2.44975E-03, -2.08002E-03, -1.71808E-03, -1.36705E-03, -1.02983E-03, -7.09013E-04, -4.06834E-04, -1.25150E-04,  1.34596E-04,  3.71385E-04,  5.84619E-04,  7.74103E-04,  9.40016E-04,  1.08287E-03,  1.20349E-03,  1.30291E-03,  1.38239E-03,  1.44333E-03,  1.48721E-03,  1.51560E-03,  1.53006E-03,  1.53215E-03,  1.52338E-03,  1.50519E-03,  1.47895E-03,  1.44595E-03,  1.40736E-03,  1.36425E-03,  1.31758E-03,  1.26824E-03,  1.21699E-03,  1.16449E-03,  1.11135E-03,  1.05805E-03,  1.00504E-03,  9.52674E-04,  9.01252E-04,  8.51021E-04,  8.02179E-04,
 -4.99540E-03, -5.12747E-03, -5.26148E-03, -5.39720E-03, -5.53435E-03, -5.67263E-03, -5.81166E-03, -5.95104E-03, -6.09028E-03, -6.22888E-03, -6.36623E-03, -6.50167E-03, -6.63448E-03, -6.76385E-03, -6.88891E-03, -7.00868E-03, -7.12213E-03, -7.22814E-03, -7.32551E-03, -7.41297E-03, -7.48918E-03, -7.55273E-03, -7.60218E-03, -7.63604E-03, -7.65279E-03, -7.65094E-03, -7.62901E-03, -7.58556E-03, -7.51927E-03, -7.42891E-03, -7.31341E-03, -7.17192E-03, -7.00379E-03, -6.80869E-03, -6.58658E-03, -6.33778E-03, -6.06299E-03, -5.76330E-03, -5.44026E-03, -5.09581E-03, -4.73232E-03, -4.35254E-03, -3.95959E-03, -3.55689E-03, -3.14811E-03, -2.73707E-03, -2.32768E-03, -1.92385E-03, -1.52935E-03, -1.14780E-03, -7.82506E-04, -4.36417E-04, -1.12068E-04,  1.88478E-04,  4.63657E-04,  7.12409E-04,  9.34178E-04,  1.12888E-03,  1.29687E-03,  1.43890E-03,  1.55603E-03,  1.64963E-03,  1.72125E-03,  1.77260E-03,  1.80548E-03,  1.82175E-03,  1.82326E-03,  1.81180E-03,  1.78913E-03,  1.75688E-03,  1.71661E-03,  1.66974E-03,  1.61756E-03,  1.56124E-03,  1.50184E-03,  1.44027E-03,  1.37734E-03,  1.31377E-03,  1.25013E-03,  1.18695E-03,  1.12466E-03,  1.06359E-03,  1.00404E-03,  9.46237E-04,  8.90347E-04,
 -5.09014E-03, -5.22852E-03, -5.36917E-03, -5.51186E-03, -5.65634E-03, -5.80227E-03, -5.94931E-03, -6.09703E-03, -6.24495E-03, -6.39252E-03, -6.53915E-03, -6.68413E-03, -6.82672E-03, -6.96605E-03, -7.10120E-03, -7.23114E-03, -7.35476E-03, -7.47084E-03, -7.57809E-03, -7.67512E-03, -7.76046E-03, -7.83255E-03, -7.88979E-03, -7.93051E-03, -7.95300E-03, -7.95556E-03, -7.93649E-03, -7.89414E-03, -7.82695E-03, -7.73348E-03, -7.61243E-03, -7.46276E-03, -7.28364E-03, -7.07458E-03, -6.83544E-03, -6.56646E-03, -6.26836E-03, -5.94228E-03, -5.58990E-03, -5.21337E-03, -4.81535E-03, -4.39894E-03, -3.96771E-03, -3.52558E-03, -3.07677E-03, -2.62571E-03, -2.17692E-03, -1.73491E-03, -1.30409E-03, -8.88614E-04, -4.92291E-04, -1.18500E-04,  2.29895E-04,  5.50597E-04,  8.41912E-04,  1.10276E-03,  1.33264E-03,  1.53164E-03,  1.70034E-03,  1.83979E-03,  1.95139E-03,  2.03686E-03,  2.09814E-03,  2.13732E-03,  2.15656E-03,  2.15808E-03,  2.14402E-03,  2.11650E-03,  2.07751E-03,  2.02892E-03,  1.97246E-03,  1.90971E-03,  1.84210E-03,  1.77088E-03,  1.69719E-03,  1.62199E-03,  1.54614E-03,  1.47034E-03,  1.39522E-03,  1.32126E-03,  1.24888E-03,  1.17842E-03,  1.11013E-03,  1.04421E-03,  9.80801E-04,
 -5.18407E-03, -5.32892E-03, -5.47640E-03, -5.62629E-03, -5.77833E-03, -5.93222E-03, -6.08758E-03, -6.24399E-03, -6.40098E-03, -6.55799E-03, -6.71438E-03, -6.86944E-03, -7.02239E-03, -7.17232E-03, -7.31825E-03, -7.45910E-03, -7.59367E-03, -7.72066E-03, -7.83867E-03, -7.94618E-03, -8.04158E-03, -8.12316E-03, -8.18912E-03, -8.23761E-03, -8.26672E-03, -8.27450E-03, -8.25901E-03, -8.21835E-03, -8.15070E-03, -8.05434E-03, -7.92774E-03, -7.76959E-03, -7.57886E-03, -7.35487E-03, -7.09731E-03, -6.80637E-03, -6.48271E-03, -6.12754E-03, -5.74266E-03, -5.33044E-03, -4.89387E-03, -4.43646E-03, -3.96229E-03, -3.47585E-03, -2.98201E-03, -2.48592E-03, -1.99283E-03, -1.50800E-03, -1.03653E-03, -5.83250E-04, -1.52572E-04,  2.51633E-04,  6.26114E-04,  9.68315E-04,  1.27641E-03,  1.54930E-03,  1.78661E-03,  1.98864E-03,  2.15627E-03,  2.29093E-03,  2.39445E-03,  2.46898E-03,  2.51694E-03,  2.54086E-03,  2.54335E-03,  2.52702E-03,  2.49441E-03,  2.44793E-03,  2.38987E-03,  2.32235E-03,  2.24730E-03,  2.16645E-03,  2.08136E-03,  1.99340E-03,  1.90374E-03,  1.81341E-03,  1.72329E-03,  1.63408E-03,  1.54640E-03,  1.46072E-03,  1.37745E-03,  1.29687E-03,  1.21921E-03,  1.14464E-03,  1.07325E-03,
 -5.27684E-03, -5.42831E-03, -5.58280E-03, -5.74009E-03, -5.89994E-03, -6.06204E-03, -6.22603E-03, -6.39150E-03, -6.55795E-03, -6.72481E-03, -6.89146E-03, -7.05714E-03, -7.22104E-03, -7.38223E-03, -7.53965E-03, -7.69218E-03, -7.83852E-03, -7.97729E-03, -8.10697E-03, -8.22593E-03, -8.33239E-03, -8.42447E-03, -8.50019E-03, -8.55748E-03, -8.59419E-03, -8.60811E-03, -8.59703E-03, -8.55876E-03, -8.49118E-03, -8.39226E-03, -8.26017E-03, -8.09331E-03, -7.89037E-03, -7.65044E-03, -7.37304E-03, -7.05819E-03, -6.70652E-03, -6.31928E-03, -5.89838E-03, -5.44644E-03, -4.96678E-03, -4.46341E-03, -3.94096E-03, -3.40461E-03, -2.86002E-03, -2.31314E-03, -1.77011E-03, -1.23707E-03, -7.19986E-04, -2.24486E-04,  2.44318E-04,  6.81962E-04,  1.08475E-03,  1.44982E-03,  1.77523E-03,  2.05989E-03,  2.30360E-03,  2.50695E-03,  2.67123E-03,  2.79832E-03,  2.89060E-03,  2.95078E-03,  2.98182E-03,  2.98682E-03,  2.96890E-03,  2.93113E-03,  2.87647E-03,  2.80772E-03,  2.72748E-03,  2.63813E-03,  2.54180E-03,  2.44041E-03,  2.33562E-03,  2.22890E-03,  2.12148E-03,  2.01442E-03,  1.90859E-03,  1.80472E-03,  1.70338E-03,  1.60503E-03,  1.51002E-03,  1.41860E-03,  1.33096E-03,  1.24719E-03,  1.16736E-03,
 -5.36809E-03, -5.52631E-03, -5.68796E-03, -5.85284E-03, -6.02071E-03, -6.19128E-03, -6.36420E-03, -6.53904E-03, -6.71533E-03, -6.89249E-03, -7.06987E-03, -7.24671E-03, -7.42215E-03, -7.59524E-03, -7.76488E-03, -7.92986E-03, -8.08882E-03, -8.24028E-03, -8.38261E-03, -8.51403E-03, -8.63262E-03, -8.73631E-03, -8.82291E-03, -8.89012E-03, -8.93551E-03, -8.95662E-03, -8.95091E-03, -8.91587E-03, -8.84901E-03, -8.74798E-03, -8.61056E-03, -8.43482E-03, -8.21913E-03, -7.96226E-03, -7.66349E-03, -7.32269E-03, -6.94037E-03, -6.51777E-03, -6.05694E-03, -5.56075E-03, -5.03290E-03, -4.47792E-03, -3.90109E-03, -3.30842E-03, -2.70644E-03, -2.10212E-03, -1.50263E-03, -9.15175E-04, -3.46756E-04,  1.96044E-04,  7.07260E-04,  1.18173E-03,  1.61522E-03,  2.00457E-03,  2.34767E-03,  2.64352E-03,  2.89216E-03,  3.09456E-03,  3.25254E-03,  3.36860E-03,  3.44576E-03,  3.48744E-03,  3.49727E-03,  3.47900E-03,  3.43636E-03,  3.37297E-03,  3.29228E-03,  3.19749E-03,  3.09155E-03,  2.97712E-03,  2.85655E-03,  2.73191E-03,  2.60500E-03,  2.47736E-03,  2.35025E-03,  2.22476E-03,  2.10174E-03,  1.98190E-03,  1.86577E-03,  1.75376E-03,  1.64617E-03,  1.54318E-03,  1.44493E-03,  1.35144E-03,  1.26272E-03,
 -5.45742E-03, -5.62251E-03, -5.79145E-03, -5.96408E-03, -6.14017E-03, -6.31943E-03, -6.50154E-03, -6.68608E-03, -6.87256E-03, -7.06042E-03, -7.24899E-03, -7.43751E-03, -7.62509E-03, -7.81074E-03, -7.99331E-03, -8.17153E-03, -8.34398E-03, -8.50907E-03, -8.66506E-03, -8.81001E-03, -8.94186E-03, -9.05833E-03, -9.15702E-03, -9.23537E-03, -9.29067E-03, -9.32014E-03, -9.32089E-03, -9.29004E-03, -9.22472E-03, -9.12214E-03, -8.97970E-03, -8.79502E-03, -8.56607E-03, -8.29129E-03, -7.96962E-03, -7.60068E-03, -7.18485E-03, -6.72333E-03, -6.21826E-03, -5.67276E-03, -5.09094E-03, -4.47793E-03, -3.83977E-03, -3.18339E-03, -2.51638E-03, -1.84691E-03, -1.18339E-03, -5.34311E-04,  9.20757E-05,  6.88022E-04,  1.24654E-03,  1.76163E-03,  2.22844E-03,  2.64344E-03,  3.00441E-03,  3.31046E-03,  3.56197E-03,  3.76047E-03,  3.90843E-03,  4.00912E-03,  4.06642E-03,  4.08457E-03,  4.06804E-03,  4.02136E-03,  3.94897E-03,  3.85513E-03,  3.74382E-03,  3.61871E-03,  3.48312E-03,  3.33999E-03,  3.19191E-03,  3.04110E-03,  2.88945E-03,  2.73856E-03,  2.58973E-03,  2.44402E-03,  2.30226E-03,  2.16511E-03,  2.03303E-03,  1.90637E-03,  1.78535E-03,  1.67009E-03,  1.56062E-03,  1.45691E-03,  1.35888E-03,
 -5.54441E-03, -5.71644E-03, -5.89279E-03, -6.07330E-03, -6.25777E-03, -6.44594E-03, -6.63748E-03, -6.83199E-03, -7.02900E-03, -7.22794E-03, -7.42815E-03, -7.62885E-03, -7.82913E-03, -8.02797E-03, -8.22419E-03, -8.41646E-03, -8.60327E-03, -8.78294E-03, -8.95362E-03, -9.11323E-03, -9.25951E-03, -9.39002E-03, -9.50210E-03, -9.59292E-03, -9.65946E-03, -9.69859E-03, -9.70705E-03, -9.68153E-03, -9.61871E-03, -9.51533E-03, -9.36830E-03, -9.17474E-03, -8.93217E-03, -8.63853E-03, -8.29240E-03, -7.89307E-03, -7.44068E-03, -6.93635E-03, -6.38229E-03, -5.78184E-03, -5.13957E-03, -4.46124E-03, -3.75379E-03, -3.02519E-03, -2.28432E-03, -1.54073E-03, -8.04375E-04, -8.52788E-05,  6.06784E-04,  1.26264E-03,  1.87407E-03,  2.43404E-03,  2.93701E-03,  3.37899E-03,  3.75768E-03,  4.07241E-03,  4.32404E-03,  4.51478E-03,  4.64800E-03,  4.72797E-03,  4.75958E-03,  4.74814E-03,  4.69911E-03,  4.61796E-03,  4.50996E-03,  4.38008E-03,  4.23294E-03,  4.07268E-03,  3.90302E-03,  3.72721E-03,  3.54803E-03,  3.36786E-03,  3.18867E-03,  3.01208E-03,  2.83938E-03,  2.67160E-03,  2.50951E-03,  2.35368E-03,  2.20450E-03,  2.06221E-03,  1.92694E-03,  1.79870E-03,  1.67744E-03,  1.56303E-03,  1.45531E-03,
 -5.62861E-03, -5.80763E-03, -5.99146E-03, -6.17996E-03, -6.37295E-03, -6.57018E-03, -6.77136E-03, -6.97609E-03, -7.18393E-03, -7.39430E-03, -7.60656E-03, -7.81990E-03, -8.03343E-03, -8.24609E-03, -8.45665E-03, -8.66374E-03, -8.86579E-03, -9.06101E-03, -9.24743E-03, -9.42283E-03, -9.58480E-03, -9.73065E-03, -9.85750E-03, -9.96221E-03, -1.00414E-02, -1.00917E-02, -1.01093E-02, -1.00904E-02, -1.00312E-02, -9.92795E-03, -9.77696E-03, -9.57478E-03, -9.31832E-03, -9.00501E-03, -8.63289E-03, -8.20084E-03, -7.70868E-03, -7.15737E-03, -6.54910E-03, -5.88746E-03, -5.17745E-03, -4.42556E-03, -3.63970E-03, -2.82909E-03, -2.00411E-03, -1.17598E-03, -3.56491E-04,  4.42444E-04,  1.20919E-03,  1.93283E-03,  2.60362E-03,  3.21330E-03,  3.75546E-03,  4.22566E-03,  4.62152E-03,  4.94271E-03,  5.19075E-03,  5.36880E-03,  5.48135E-03,  5.53395E-03,  5.53279E-03,  5.48445E-03,  5.39564E-03,  5.27289E-03,  5.12247E-03,  4.95015E-03,  4.76124E-03,  4.56041E-03,  4.35179E-03,  4.13891E-03,  3.92476E-03,  3.71181E-03,  3.50210E-03,  3.29723E-03,  3.09845E-03,  2.90670E-03,  2.72266E-03,  2.54679E-03,  2.37936E-03,  2.22048E-03,  2.07016E-03,  1.92830E-03,  1.79471E-03,  1.66917E-03,  1.55141E-03,
 -5.70954E-03, -5.89559E-03, -6.08694E-03, -6.28349E-03, -6.48508E-03, -6.69151E-03, -6.90248E-03, -7.11765E-03, -7.33656E-03, -7.55868E-03, -7.78334E-03, -8.00977E-03, -8.23704E-03, -8.46409E-03, -8.68967E-03, -8.91234E-03, -9.13047E-03, -9.34219E-03, -9.54541E-03, -9.73778E-03, -9.91668E-03, -1.00792E-02, -1.02223E-02, -1.03424E-02, -1.04359E-02, -1.04989E-02, -1.05271E-02, -1.05163E-02, -1.04622E-02, -1.03602E-02, -1.02061E-02, -9.99577E-03, -9.72538E-03, -9.39170E-03, -8.99215E-03, -8.52505E-03, -7.98980E-03, -7.38705E-03, -6.71894E-03, -5.98921E-03, -5.20333E-03, -4.36855E-03, -3.49388E-03, -2.58998E-03, -1.66899E-03, -7.44157E-04,  1.70531E-04,  1.06084E-03,  1.91283E-03,  2.71346E-03,  3.45107E-03,  4.11593E-03,  4.70058E-03,  5.20005E-03,  5.61198E-03,  5.93650E-03,  6.17607E-03,  6.33510E-03,  6.41956E-03,  6.43659E-03,  6.39403E-03,  6.30006E-03,  6.16280E-03,  5.99014E-03,  5.78941E-03,  5.56735E-03,  5.32998E-03,  5.08254E-03,  4.82956E-03,  4.57485E-03,  4.32155E-03,  4.07222E-03,  3.82886E-03,  3.59303E-03,  3.36590E-03,  3.14826E-03,  2.94067E-03,  2.74341E-03,  2.55662E-03,  2.38025E-03,  2.21414E-03,  2.05805E-03,  1.91167E-03,  1.77463E-03,  1.64652E-03,
 -5.78672E-03, -5.97976E-03, -6.17863E-03, -6.38326E-03, -6.59351E-03, -6.80921E-03, -7.03010E-03, -7.25585E-03, -7.48604E-03, -7.72015E-03, -7.95753E-03, -8.19742E-03, -8.43889E-03, -8.68087E-03, -8.92207E-03, -9.16104E-03, -9.39606E-03, -9.62520E-03, -9.84626E-03, -1.00567E-02, -1.02539E-02, -1.04345E-02, -1.05953E-02, -1.07324E-02, -1.08419E-02, -1.09192E-02, -1.09599E-02, -1.09589E-02, -1.09114E-02, -1.08121E-02, -1.06560E-02, -1.04382E-02, -1.01541E-02, -9.79954E-03, -9.37128E-03, -8.86688E-03, -8.28514E-03, -7.62630E-03, -6.89229E-03, -6.08694E-03, -5.21615E-03, -4.28796E-03, -3.31263E-03, -2.30248E-03, -1.27167E-03, -2.35894E-04,  7.88170E-04,  1.78344E-03,  2.73315E-03,  3.62157E-03,  4.43471E-03,  5.16097E-03,  5.79165E-03,  6.32118E-03,  6.74731E-03,  7.07089E-03,  7.29561E-03,  7.42756E-03,  7.47465E-03,  7.44604E-03,  7.35165E-03,  7.20156E-03,  7.00568E-03,  6.77339E-03,  6.51332E-03,  6.23323E-03,  5.93991E-03,  5.63919E-03,  5.33598E-03,  5.03430E-03,  4.73743E-03,  4.44790E-03,  4.16767E-03,  3.89816E-03,  3.64038E-03,  3.39497E-03,  3.16225E-03,  2.94233E-03,  2.73513E-03,  2.54042E-03,  2.35786E-03,  2.18702E-03,  2.02744E-03,  1.87859E-03,  1.73993E-03,
 -5.85962E-03, -6.05960E-03, -6.26595E-03, -6.47862E-03, -6.69754E-03, -6.92253E-03, -7.15340E-03, -7.38983E-03, -7.63144E-03, -7.87773E-03, -8.12808E-03, -8.38173E-03, -8.63778E-03, -8.89514E-03, -9.15253E-03, -9.40843E-03, -9.66111E-03, -9.90855E-03, -1.01484E-02, -1.03782E-02, -1.05948E-02, -1.07949E-02, -1.09749E-02, -1.11307E-02, -1.12579E-02, -1.13515E-02, -1.14064E-02, -1.14172E-02, -1.13780E-02, -1.12831E-02, -1.11264E-02, -1.09022E-02, -1.06049E-02, -1.02294E-02, -9.77136E-03, -9.22757E-03, -8.59600E-03, -7.87627E-03, -7.06997E-03, -6.18086E-03, -5.21520E-03, -4.18186E-03, -3.09242E-03, -1.96109E-03, -8.04440E-04,  3.58939E-04,  1.50909E-03,  2.62542E-03,  3.68763E-03,  4.67661E-03,  5.57545E-03,  6.37025E-03,  7.05076E-03,  7.61077E-03,  8.04824E-03,  8.36508E-03,  8.56669E-03,  8.66136E-03,  8.65951E-03,  8.57294E-03,  8.41409E-03,  8.19544E-03,  7.92897E-03,  7.62584E-03,  7.29612E-03,  6.94867E-03,  6.59111E-03,  6.22981E-03,  5.87002E-03,  5.51594E-03,  5.17084E-03,  4.83720E-03,  4.51681E-03,  4.21090E-03,  3.92023E-03,  3.64519E-03,  3.38586E-03,  3.14209E-03,  2.91354E-03,  2.69975E-03,  2.50017E-03,  2.31416E-03,  2.14107E-03,  1.98019E-03,  1.83084E-03,
 -5.92771E-03, -6.13452E-03, -6.34825E-03, -6.56890E-03, -6.79641E-03, -7.03068E-03, -7.27151E-03, -7.51866E-03, -7.77175E-03, -8.03033E-03, -8.29381E-03, -8.56146E-03, -8.83239E-03, -9.10551E-03, -9.37953E-03, -9.65294E-03, -9.92395E-03, -1.01905E-02, -1.04501E-02, -1.07002E-02, -1.09374E-02, -1.11585E-02, -1.13592E-02, -1.15354E-02, -1.16820E-02, -1.17938E-02, -1.18651E-02, -1.18896E-02, -1.18610E-02, -1.17724E-02, -1.16169E-02, -1.13877E-02, -1.10780E-02, -1.06818E-02, -1.01934E-02, -9.60843E-03, -8.92388E-03, -8.13850E-03, -7.25327E-03, -6.27174E-03, -5.20038E-03, -4.04884E-03, -2.83012E-03, -1.56053E-03, -2.59462E-04,  1.05104E-03,  2.34701E-03,  3.60352E-03,  4.79581E-03,  5.90055E-03,  6.89711E-03,  7.76866E-03,  8.50307E-03,  9.09341E-03,  9.53808E-03,  9.84045E-03,  1.00083E-02,  1.00528E-02,  9.98771E-03,  9.82812E-03,  9.58967E-03,  9.28770E-03,  8.93670E-03,  8.54986E-03,  8.13883E-03,  7.71365E-03,  7.28275E-03,  6.85300E-03,  6.42990E-03,  6.01770E-03,  5.61960E-03,  5.23787E-03,  4.87406E-03,  4.52909E-03,  4.20339E-03,  3.89701E-03,  3.60971E-03,  3.34102E-03,  3.09031E-03,  2.85685E-03,  2.63980E-03,  2.43831E-03,  2.25150E-03,  2.07849E-03,  1.91840E-03,
 -5.99044E-03, -6.20392E-03, -6.42489E-03, -6.65338E-03, -6.88937E-03, -7.13281E-03, -7.38353E-03, -7.64134E-03, -7.90590E-03, -8.17680E-03, -8.45349E-03, -8.73527E-03, -9.02126E-03, -9.31040E-03, -9.60143E-03, -9.89279E-03, -1.01827E-02, -1.04690E-02, -1.07492E-02, -1.10205E-02, -1.12796E-02, -1.15228E-02, -1.17458E-02, -1.19439E-02, -1.21119E-02, -1.22440E-02, -1.23337E-02, -1.23743E-02, -1.23584E-02, -1.22784E-02, -1.21262E-02, -1.18939E-02, -1.15734E-02, -1.11571E-02, -1.06382E-02, -1.00108E-02, -9.27051E-03, -8.41493E-03, -7.44414E-03, -6.36116E-03, -5.17247E-03, -3.88842E-03, -2.52343E-03, -1.09614E-03,  3.70806E-04,  1.85126E-03,  3.31639E-03,  4.73585E-03,  6.07928E-03,  7.31795E-03,  8.42647E-03,  9.38431E-03,  1.01770E-02,  1.07968E-02,  1.12428E-02,  1.15205E-02,  1.16409E-02,  1.16191E-02,  1.14731E-02,  1.12222E-02,  1.08860E-02,  1.04834E-02,  1.00318E-02,  9.54661E-03,  9.04124E-03,  8.52692E-03,  8.01284E-03,  7.50627E-03,  7.01283E-03,  6.53668E-03,  6.08077E-03,  5.64705E-03,  5.23666E-03,  4.85011E-03,  4.48739E-03,  4.14814E-03,  3.83170E-03,  3.53722E-03,  3.26372E-03,  3.01013E-03,  2.77533E-03,  2.55820E-03,  2.35761E-03,  2.17246E-03,  2.00170E-03,
 -6.04724E-03, -6.26719E-03, -6.49519E-03, -6.73132E-03, -6.97562E-03, -7.22804E-03, -7.48850E-03, -7.75683E-03, -8.03276E-03, -8.31591E-03, -8.60577E-03, -8.90169E-03, -9.20282E-03, -9.50813E-03, -9.81637E-03, -1.01260E-02, -1.04352E-02, -1.07418E-02, -1.10433E-02, -1.13367E-02, -1.16186E-02, -1.18851E-02, -1.21317E-02, -1.23534E-02, -1.25446E-02, -1.26988E-02, -1.28093E-02, -1.28683E-02, -1.28677E-02, -1.27988E-02, -1.26525E-02, -1.24194E-02, -1.20901E-02, -1.16553E-02, -1.11065E-02, -1.04360E-02, -9.63787E-03, -8.70804E-03, -7.64530E-03, -6.45176E-03, -5.13360E-03, -3.70158E-03, -2.17154E-03, -5.64606E-04,  1.09292E-03,  2.77000E-03,  4.43187E-03,  6.04145E-03,  7.56130E-03,  8.95575E-03,  1.01933E-02,  1.12485E-02,  1.21041E-02,  1.27514E-02,  1.31907E-02,  1.34304E-02,  1.34860E-02,  1.33777E-02,  1.31290E-02,  1.27649E-02,  1.23096E-02,  1.17862E-02,  1.12155E-02,  1.06155E-02,  1.00015E-02,  9.38566E-03,  8.77796E-03,  8.18587E-03,  7.61492E-03,  7.06897E-03,  6.55056E-03,  6.06111E-03,  5.60122E-03,  5.17082E-03,  4.76937E-03,  4.39596E-03,  4.04945E-03,  3.72854E-03,  3.43183E-03,  3.15788E-03,  2.90523E-03,  2.67246E-03,  2.45818E-03,  2.26104E-03,  2.07978E-03,
 -6.09754E-03, -6.32370E-03, -6.55847E-03, -6.80198E-03, -7.05431E-03, -7.31548E-03, -7.58544E-03, -7.86406E-03, -8.15115E-03, -8.44636E-03, -8.74924E-03, -9.05918E-03, -9.37538E-03, -9.69686E-03, -1.00224E-02, -1.03504E-02, -1.06791E-02, -1.10064E-02, -1.13296E-02, -1.16457E-02, -1.19513E-02, -1.22421E-02, -1.25135E-02, -1.27603E-02, -1.29762E-02, -1.31547E-02, -1.32880E-02, -1.33679E-02, -1.33853E-02, -1.33305E-02, -1.31930E-02, -1.29621E-02, -1.26266E-02, -1.21755E-02, -1.15983E-02, -1.08852E-02, -1.00281E-02, -9.02087E-03, -7.86049E-03, -6.54764E-03, -5.08767E-03, -3.49142E-03, -1.77592E-03,  3.51593E-05,  1.91140E-03,  3.81609E-03,  5.70724E-03,  7.53941E-03,  9.26611E-03,  1.08427E-02,  1.22297E-02,  1.33956E-02,  1.43191E-02,  1.49906E-02,  1.54123E-02,  1.55968E-02,  1.55654E-02,  1.53456E-02,  1.49679E-02,  1.44640E-02,  1.38645E-02,  1.31972E-02,  1.24866E-02,  1.17537E-02,  1.10154E-02,  1.02851E-02,  9.57294E-03,  8.88650E-03,  8.23094E-03,  7.60957E-03,  7.02425E-03,  6.47568E-03,  5.96371E-03,  5.48757E-03,  5.04601E-03,  4.63750E-03,  4.26032E-03,  3.91263E-03,  3.59256E-03,  3.29825E-03,  3.02786E-03,  2.77965E-03,  2.55192E-03,  2.34309E-03,  2.15166E-03,
 -6.14078E-03, -6.37282E-03, -6.61404E-03, -6.86460E-03, -7.12463E-03, -7.39420E-03, -7.67331E-03, -7.96191E-03, -8.25983E-03, -8.56680E-03, -8.88241E-03, -9.20611E-03, -9.53716E-03, -9.87461E-03, -1.02173E-02, -1.05637E-02, -1.09119E-02, -1.12600E-02, -1.16052E-02, -1.19444E-02, -1.22741E-02, -1.25900E-02, -1.28872E-02, -1.31602E-02, -1.34025E-02, -1.36069E-02, -1.37652E-02, -1.38685E-02, -1.39067E-02, -1.38690E-02, -1.37437E-02, -1.35184E-02, -1.31802E-02, -1.27161E-02, -1.21131E-02, -1.13592E-02, -1.04434E-02, -9.35707E-03, -8.09466E-03, -6.65470E-03, -5.04107E-03, -3.26404E-03, -1.34144E-03,  7.00613E-04,  2.82728E-03,  4.99525E-03,  7.15391E-03,  9.24736E-03,  1.12176E-02,  1.30084E-02,  1.45697E-02,  1.58617E-02,  1.68585E-02,  1.75492E-02,  1.79388E-02,  1.80458E-02,  1.78999E-02,  1.75376E-02,  1.69991E-02,  1.63245E-02,  1.55515E-02,  1.47140E-02,  1.38407E-02,  1.29552E-02,  1.20763E-02,  1.12179E-02,  1.03905E-02,  9.60108E-03,  8.85418E-03,  8.15222E-03,  7.49609E-03,  6.88554E-03,  6.31945E-03,  5.79615E-03,  5.31358E-03,  4.86946E-03,  4.46138E-03,  4.08690E-03,  3.74364E-03,  3.42924E-03,  3.14148E-03,  2.87823E-03,  2.63751E-03,  2.41745E-03,  2.21632E-03,
 -6.17638E-03, -6.41393E-03, -6.66120E-03, -6.91840E-03, -7.18571E-03, -7.46326E-03, -7.75110E-03, -8.04923E-03, -8.35754E-03, -8.67582E-03, -9.00373E-03, -9.34078E-03, -9.68627E-03, -1.00393E-02, -1.03988E-02, -1.07632E-02, -1.11309E-02, -1.14995E-02, -1.18666E-02, -1.22290E-02, -1.25831E-02, -1.29244E-02, -1.32481E-02, -1.35481E-02, -1.38179E-02, -1.40498E-02, -1.42351E-02, -1.43640E-02, -1.44258E-02, -1.44085E-02, -1.42990E-02, -1.40834E-02, -1.37468E-02, -1.32740E-02, -1.26495E-02, -1.18581E-02, -1.08859E-02, -9.72085E-03, -8.35408E-03, -6.78110E-03, -5.00332E-03, -3.02961E-03, -8.77834E-04,  1.42381E-03,  3.83590E-03,  6.30775E-03,  8.77838E-03,  1.11790E-02,  1.34369E-02,  1.54806E-02,  1.72463E-02,  1.86833E-02,  1.97590E-02,  2.04616E-02,  2.08002E-02,  2.08017E-02,  2.05068E-02,  1.99647E-02,  1.92273E-02,  1.83458E-02,  1.73665E-02,  1.63297E-02,  1.52688E-02,  1.42102E-02,  1.31738E-02,  1.21741E-02,  1.12209E-02,  1.03206E-02,  9.47631E-03,  8.68936E-03,  7.95931E-03,  7.28465E-03,  6.66308E-03,  6.09186E-03,  5.56796E-03,  5.08822E-03,  4.64947E-03,  4.24862E-03,  3.88267E-03,  3.54878E-03,  3.24428E-03,  2.96665E-03,  2.71359E-03,  2.48294E-03,  2.27273E-03,
 -6.20379E-03, -6.44640E-03, -6.69926E-03, -6.96263E-03, -7.23673E-03, -7.52174E-03, -7.81777E-03, -8.12487E-03, -8.44301E-03, -8.77202E-03, -9.11164E-03, -9.46143E-03, -9.82077E-03, -1.01888E-02, -1.05645E-02, -1.09465E-02, -1.13329E-02, -1.17217E-02, -1.21103E-02, -1.24956E-02, -1.28739E-02, -1.32407E-02, -1.35909E-02, -1.39185E-02, -1.42165E-02, -1.44769E-02, -1.46906E-02, -1.48472E-02, -1.49352E-02, -1.49414E-02, -1.48517E-02, -1.46503E-02, -1.43205E-02, -1.38447E-02, -1.32043E-02, -1.23811E-02, -1.13573E-02, -1.01168E-02, -8.64641E-03, -6.93756E-03, -4.98791E-03, -2.80362E-03, -4.01471E-04,  2.18904E-03,  4.92414E-03,  7.74503E-03,  1.05787E-02,  1.33403E-02,  1.59386E-02,  1.82823E-02,  2.02889E-02,  2.18932E-02,  2.30541E-02,  2.37587E-02,  2.40220E-02,  2.38827E-02,  2.33969E-02,  2.26300E-02,  2.16497E-02,  2.05201E-02,  1.92980E-02,  1.80308E-02,  1.67565E-02,  1.55039E-02,  1.42937E-02,  1.31401E-02,  1.20518E-02,  1.10337E-02,  1.00873E-02,  9.21210E-03,  8.40608E-03,  7.66615E-03,  6.98864E-03,  6.36952E-03,  5.80465E-03,  5.28990E-03,  4.82126E-03,  4.39489E-03,  4.00718E-03,  3.65473E-03,  3.33441E-03,  3.04331E-03,  2.77878E-03,  2.53838E-03,  2.31988E-03,
 -6.22247E-03, -6.46965E-03, -6.72757E-03, -6.99655E-03, -7.27685E-03, -7.56870E-03, -7.87227E-03, -8.18768E-03, -8.51494E-03, -8.85396E-03, -9.20453E-03, -9.56628E-03, -9.93866E-03, -1.03209E-02, -1.07120E-02, -1.11106E-02, -1.15150E-02, -1.19231E-02, -1.23325E-02, -1.27399E-02, -1.31417E-02, -1.35333E-02, -1.39097E-02, -1.42646E-02, -1.45910E-02, -1.48804E-02, -1.51235E-02, -1.53093E-02, -1.54256E-02, -1.54584E-02, -1.53922E-02, -1.52100E-02, -1.48929E-02, -1.44208E-02, -1.37724E-02, -1.29255E-02, -1.18581E-02, -1.05493E-02, -8.98054E-03, -7.13762E-03, -5.01293E-03, -2.60818E-03,  6.25849E-05,  2.96999E-03,  6.06661E-03,  9.28525E-03,  1.25390E-02,  1.57239E-02,  1.87249E-02,  2.14249E-02,  2.37166E-02,  2.55152E-02,  2.67683E-02,  2.74617E-02,  2.76192E-02,  2.72961E-02,  2.65691E-02,  2.55253E-02,  2.42519E-02,  2.28291E-02,  2.13252E-02,  1.97955E-02,  1.82823E-02,  1.68159E-02,  1.54172E-02,  1.40989E-02,  1.28680E-02,  1.17270E-02,  1.06753E-02,  9.71021E-03,  8.82757E-03,  8.02247E-03,  7.28962E-03,  6.62355E-03,  6.01888E-03,  5.47043E-03,  4.97325E-03,  4.52274E-03,  4.11461E-03,  3.74491E-03,  3.41001E-03,  3.10663E-03,  2.83174E-03,  2.58261E-03,  2.35678E-03,
 -6.23190E-03, -6.48308E-03, -6.74547E-03, -7.01942E-03, -7.30525E-03, -7.60324E-03, -7.91362E-03, -8.23654E-03, -8.57208E-03, -8.92023E-03, -9.28082E-03, -9.65355E-03, -1.00379E-02, -1.04333E-02, -1.08387E-02, -1.12527E-02, -1.16739E-02, -1.21002E-02, -1.25290E-02, -1.29573E-02, -1.33813E-02, -1.37967E-02, -1.41982E-02, -1.45795E-02, -1.49335E-02, -1.52516E-02, -1.55241E-02, -1.57398E-02, -1.58858E-02, -1.59476E-02, -1.59087E-02, -1.57505E-02, -1.54526E-02, -1.49924E-02, -1.43455E-02, -1.34860E-02, -1.23871E-02, -1.10221E-02, -9.36601E-03, -7.39743E-03, -5.10152E-03, -2.47328E-03,  4.78414E-04,  3.72642E-03,  7.22117E-03,  1.08874E-02,  1.46229E-02,  1.83009E-02,  2.17766E-02,  2.48993E-02,  2.75290E-02,  2.95543E-02,  3.09073E-02,  3.15730E-02,  3.15877E-02,  3.10295E-02,  3.00033E-02,  2.86239E-02,  2.70031E-02,  2.52397E-02,  2.34151E-02,  2.15921E-02,  1.98166E-02,  1.81195E-02,  1.65203E-02,  1.50295E-02,  1.36512E-02,  1.23849E-02,  1.12271E-02,  1.01723E-02,  9.21410E-03,  8.34541E-03,  7.55908E-03,  6.84808E-03,  6.20570E-03,  5.62561E-03,  5.10190E-03,  4.62916E-03,  4.20243E-03,  3.81717E-03,  3.46928E-03,  3.15506E-03,  2.87114E-03,  2.61452E-03,  2.38248E-03,
 -6.23161E-03, -6.48616E-03, -6.75236E-03, -7.03058E-03, -7.32119E-03, -7.62451E-03, -7.94083E-03, -8.27035E-03, -8.61321E-03, -8.96944E-03, -9.33895E-03, -9.72149E-03, -1.01167E-02, -1.05238E-02, -1.09420E-02, -1.13701E-02, -1.18064E-02, -1.22491E-02, -1.26957E-02, -1.31430E-02, -1.35875E-02, -1.40247E-02, -1.44493E-02, -1.48552E-02, -1.52351E-02, -1.55805E-02, -1.58814E-02, -1.61265E-02, -1.63027E-02, -1.63949E-02, -1.63859E-02, -1.62564E-02, -1.59843E-02, -1.55451E-02, -1.49114E-02, -1.40536E-02, -1.29396E-02, -1.15366E-02, -9.81186E-03, -7.73506E-03, -5.28176E-03, -2.43742E-03,  7.97360E-04,  4.40083E-03,  8.32385E-03,  1.24843E-02,  1.67641E-02,  2.10098E-02,  2.50403E-02,  2.86620E-02,  3.16914E-02,  3.39814E-02,  3.54438E-02,  3.60624E-02,  3.58915E-02,  3.50405E-02,  3.36512E-02,  3.18742E-02,  2.98507E-02,  2.77009E-02,  2.55198E-02,  2.33771E-02,  2.13207E-02,  1.93807E-02,  1.75739E-02,  1.59072E-02,  1.43805E-02,  1.29897E-02,  1.17278E-02,  1.05861E-02,  9.55539E-03,  8.62636E-03,  7.78984E-03,  7.03712E-03,  6.36009E-03,  5.75124E-03,  5.20370E-03,  4.71122E-03,  4.26817E-03,  3.86944E-03,  3.51046E-03,  3.18713E-03,  2.89577E-03,  2.63308E-03,  2.39611E-03,
 -6.22113E-03, -6.47839E-03, -6.74767E-03, -7.02938E-03, -7.32393E-03, -7.63170E-03, -7.95299E-03, -8.28808E-03, -8.63715E-03, -9.00028E-03, -9.37743E-03, -9.76842E-03, -1.01729E-02, -1.05902E-02, -1.10196E-02, -1.14598E-02, -1.19094E-02, -1.23664E-02, -1.28283E-02, -1.32923E-02, -1.37546E-02, -1.42109E-02, -1.46559E-02, -1.50835E-02, -1.54864E-02, -1.58562E-02, -1.61831E-02, -1.64556E-02, -1.66606E-02, -1.67831E-02, -1.68056E-02, -1.67083E-02, -1.64683E-02, -1.60594E-02, -1.54521E-02, -1.46132E-02, -1.35058E-02, -1.20901E-02, -1.03246E-02, -8.16863E-03, -5.58537E-03, -2.54735E-03,  9.57097E-04,  4.91584E-03,  9.28401E-03,  1.39754E-02,  1.88562E-02,  2.37434E-02,  2.84125E-02,  3.26161E-02,  3.61145E-02,  3.87129E-02,  4.02961E-02,  4.08472E-02,  4.04451E-02,  3.92410E-02,  3.74246E-02,  3.51904E-02,  3.27142E-02,  3.01395E-02,  2.75743E-02,  2.50940E-02,  2.27466E-02,  2.05593E-02,  1.85444E-02,  1.67039E-02,  1.50328E-02,  1.35225E-02,  1.21617E-02,  1.09386E-02,  9.84079E-03,  8.85656E-03,  7.97467E-03,  7.18471E-03,  6.47713E-03,  5.84326E-03,  5.27527E-03,  4.76611E-03,  4.30950E-03,  3.89978E-03,  3.53195E-03,  3.20152E-03,  2.90450E-03,  2.63735E-03,  2.39691E-03,
 -6.20008E-03, -6.45932E-03, -6.73089E-03, -7.01524E-03, -7.31283E-03, -7.62405E-03, -7.94927E-03, -8.28879E-03, -8.64283E-03, -9.01152E-03, -9.39487E-03, -9.79274E-03, -1.02048E-02, -1.06305E-02, -1.10690E-02, -1.15192E-02, -1.19796E-02, -1.24483E-02, -1.29229E-02, -1.34004E-02, -1.38772E-02, -1.43489E-02, -1.48104E-02, -1.52556E-02, -1.56772E-02, -1.60671E-02, -1.64155E-02, -1.67114E-02, -1.69419E-02, -1.70924E-02, -1.71456E-02, -1.70821E-02, -1.68788E-02, -1.65092E-02, -1.59422E-02, -1.51421E-02, -1.40675E-02, -1.26721E-02, -1.09049E-02, -8.71303E-03, -6.04473E-03, -2.85576E-03,  8.82708E-04,  5.17353E-03,  9.98143E-03,  1.52203E-02,  2.07427E-02,  2.63343E-02,  3.17206E-02,  3.65888E-02,  4.06281E-02,  4.35827E-02,  4.53017E-02,  4.57679E-02,  4.50929E-02,  4.34818E-02,  4.11836E-02,  3.84453E-02,  3.54809E-02,  3.24580E-02,  2.94963E-02,  2.66742E-02,  2.40376E-02,  2.16089E-02,  1.93941E-02,  1.73892E-02,  1.55835E-02,  1.39632E-02,  1.25128E-02,  1.12168E-02,  1.00597E-02,  9.02744E-03,  8.10660E-03,  7.28513E-03,  6.55214E-03,  5.89783E-03,  5.31346E-03,  4.79125E-03,  4.32429E-03,  3.90646E-03,  3.53230E-03,  3.19703E-03,  2.89636E-03,  2.62654E-03,  2.38421E-03,
 -6.16811E-03, -6.42854E-03, -6.70156E-03, -6.98766E-03, -7.28730E-03, -7.60092E-03, -7.92891E-03, -8.27161E-03, -8.62928E-03, -9.00207E-03, -9.39002E-03, -9.79301E-03, -1.02107E-02, -1.06427E-02, -1.10880E-02, -1.15457E-02, -1.20142E-02, -1.24915E-02, -1.29753E-02, -1.34626E-02, -1.39498E-02, -1.44324E-02, -1.49054E-02, -1.53627E-02, -1.57972E-02, -1.62009E-02, -1.65644E-02, -1.68771E-02, -1.71269E-02, -1.72998E-02, -1.73798E-02, -1.73483E-02, -1.71836E-02, -1.68600E-02, -1.63465E-02, -1.56062E-02, -1.45948E-02, -1.32602E-02, -1.15421E-02, -9.37416E-03, -6.68718E-03, -3.41588E-03,  4.91268E-04,  5.05868E-03,  1.02674E-02,  1.60376E-02,  2.22115E-02,  2.85442E-02,  3.47061E-02,  4.03084E-02,  4.49546E-02,  4.83131E-02,  5.01883E-02,  5.05628E-02,  4.95890E-02,  4.75379E-02,  4.47284E-02,  4.14660E-02,  3.80051E-02,  3.45360E-02,  3.11877E-02,  2.80389E-02,  2.51310E-02,  2.24796E-02,  2.00835E-02,  1.79318E-02,  1.60077E-02,  1.42922E-02,  1.27654E-02,  1.14082E-02,  1.02022E-02,  9.13094E-03,  8.17913E-03,  7.33317E-03,  6.58090E-03,  5.91153E-03,  5.31550E-03,  4.78439E-03,  4.31073E-03,  3.88797E-03,  3.51032E-03,  3.17268E-03,  2.87056E-03,  2.60000E-03,  2.35749E-03,
 -6.12492E-03, -6.38573E-03, -6.65932E-03, -6.94620E-03, -7.24685E-03, -7.56174E-03, -7.89128E-03, -8.23582E-03, -8.59565E-03, -8.97095E-03, -9.36175E-03, -9.76797E-03, -1.01893E-02, -1.06252E-02, -1.10748E-02, -1.15371E-02, -1.20105E-02, -1.24930E-02, -1.29822E-02, -1.34749E-02, -1.39675E-02, -1.44556E-02, -1.49339E-02, -1.53964E-02, -1.58361E-02, -1.62452E-02, -1.66148E-02, -1.69347E-02, -1.71939E-02, -1.73796E-02, -1.74778E-02, -1.74719E-02, -1.73428E-02, -1.70674E-02, -1.66171E-02, -1.59563E-02, -1.50402E-02, -1.38129E-02, -1.22061E-02, -1.01398E-02, -7.52510E-03, -4.27137E-03, -2.98090E-04,  4.44844E-03,  9.97379E-03,  1.62115E-02,  2.29997E-02,  3.00648E-02,  3.70202E-02,  4.33940E-02,  4.86925E-02,  5.24958E-02,  5.45555E-02,  5.48530E-02,  5.35881E-02,  5.11055E-02,  4.78003E-02,  4.40385E-02,  4.01137E-02,  3.62361E-02,  3.25407E-02,  2.91041E-02,  2.59616E-02,  2.31210E-02,  2.05736E-02,  1.83014E-02,  1.62820E-02,  1.44911E-02,  1.29051E-02,  1.15014E-02,  1.02593E-02,  9.15997E-03,  8.18663E-03,  7.32432E-03,  6.55982E-03,  5.88149E-03,  5.27910E-03,  4.74368E-03,  4.26733E-03,  3.84314E-03,  3.46505E-03,  3.12773E-03,  2.82651E-03,  2.55727E-03,  2.31640E-03,
 -6.07030E-03, -6.33064E-03, -6.60388E-03, -6.89052E-03, -7.19109E-03, -7.50606E-03, -7.83584E-03, -8.18081E-03, -8.54126E-03, -8.91737E-03, -9.30917E-03, -9.71656E-03, -1.01392E-02, -1.05766E-02, -1.10278E-02, -1.14916E-02, -1.19664E-02, -1.24502E-02, -1.29403E-02, -1.34335E-02, -1.39259E-02, -1.44129E-02, -1.48892E-02, -1.53487E-02, -1.57842E-02, -1.61881E-02, -1.65517E-02, -1.68657E-02, -1.71201E-02, -1.73040E-02, -1.74056E-02, -1.74119E-02, -1.73077E-02, -1.70748E-02, -1.66901E-02, -1.61228E-02, -1.53315E-02, -1.42602E-02, -1.28357E-02, -1.09656E-02, -8.54012E-03, -5.43917E-03, -1.54605E-03,  3.23131E-03,  8.93269E-03,  1.55139E-02,  2.28158E-02,  3.05400E-02,  3.82450E-02,  4.53739E-02,  5.13320E-02,  5.56051E-02,  5.78877E-02,  5.81581E-02,  5.66630E-02,  5.38213E-02,  5.01014E-02,  4.59256E-02,  4.16218E-02,  3.74162E-02,  3.34473E-02,  2.97882E-02,  2.64677E-02,  2.34865E-02,  2.08290E-02,  1.84712E-02,  1.63856E-02,  1.45441E-02,  1.29196E-02,  1.14870E-02,  1.02235E-02,  9.10876E-03,  8.12458E-03,  7.25504E-03,  6.48611E-03,  5.80553E-03,  5.20255E-03,  4.66779E-03,  4.19305E-03,  3.77117E-03,  3.39589E-03,  3.06171E-03,  2.76385E-03,  2.49810E-03,  2.26076E-03,
 -6.00411E-03, -6.26309E-03, -6.53501E-03, -6.82039E-03, -7.11974E-03, -7.43354E-03, -7.76222E-03, -8.10615E-03, -8.46559E-03, -8.84073E-03, -9.23159E-03, -9.63800E-03, -1.00596E-02, -1.04958E-02, -1.09456E-02, -1.14076E-02, -1.18802E-02, -1.23610E-02, -1.28473E-02, -1.33354E-02, -1.38214E-02, -1.43002E-02, -1.47661E-02, -1.52127E-02, -1.56327E-02, -1.60183E-02, -1.63611E-02, -1.66522E-02, -1.68826E-02, -1.70435E-02, -1.71259E-02, -1.71213E-02, -1.70202E-02, -1.68119E-02, -1.64822E-02, -1.60097E-02, -1.53622E-02, -1.44901E-02, -1.33207E-02, -1.17534E-02, -9.65822E-03, -6.88189E-03, -3.26338E-03,  1.33924E-03,  7.01223E-03,  1.37444E-02,  2.13864E-02,  2.96210E-02,  3.79552E-02,  4.57534E-02,  5.23257E-02,  5.70699E-02,  5.96246E-02,  5.99614E-02,  5.83648E-02,  5.53139E-02,  5.13367E-02,  4.69000E-02,  4.23582E-02,  3.79491E-02,  3.38135E-02,  3.00218E-02,  2.65982E-02,  2.35382E-02,  2.08215E-02,  1.84200E-02,  1.63028E-02,  1.44392E-02,  1.27999E-02,  1.13581E-02,  1.00897E-02,  8.97326E-03,  7.98988E-03,  7.12296E-03,  6.35798E-03,  5.68227E-03,  5.08480E-03,  4.55595E-03,  4.08734E-03,  3.67167E-03,  3.30256E-03,  2.97446E-03,  2.68251E-03,  2.42246E-03,  2.19059E-03,
 -5.92626E-03, -6.18299E-03, -6.45261E-03, -6.73566E-03, -7.03263E-03, -7.34400E-03, -7.67019E-03, -8.01154E-03, -8.36833E-03, -8.74067E-03, -9.12855E-03, -9.53176E-03, -9.94985E-03, -1.03821E-02, -1.08274E-02, -1.12842E-02, -1.17506E-02, -1.22241E-02, -1.27014E-02, -1.31788E-02, -1.36515E-02, -1.41141E-02, -1.45604E-02, -1.49833E-02, -1.53749E-02, -1.57269E-02, -1.60307E-02, -1.62775E-02, -1.64591E-02, -1.65684E-02, -1.65995E-02, -1.65485E-02, -1.64134E-02, -1.61931E-02, -1.58862E-02, -1.54869E-02, -1.49795E-02, -1.43301E-02, -1.34768E-02, -1.23189E-02, -1.07107E-02, -8.46382E-03, -5.36330E-03, -1.20183E-03,  4.17089E-03,  1.07912E-02,  1.85291E-02,  2.70526E-02,  3.58230E-02,  4.41358E-02,  5.12232E-02,  5.64122E-02,  5.92956E-02,  5.98328E-02,  5.83254E-02,  5.52859E-02,  5.12764E-02,  4.67898E-02,  4.21969E-02,  3.77435E-02,  3.35737E-02,  2.97579E-02,  2.63193E-02,  2.32517E-02,  2.05334E-02,  1.81349E-02,  1.60241E-02,  1.41694E-02,  1.25407E-02,  1.11107E-02,  9.85490E-03,  8.75140E-03,  7.78105E-03,  6.92703E-03,  6.17469E-03,  5.51125E-03,  4.92559E-03,  4.40803E-03,  3.95018E-03,  3.54469E-03,  3.18519E-03,  2.86613E-03,  2.58266E-03,  2.33055E-03,  2.10609E-03,
 -5.83678E-03, -6.09034E-03, -6.35667E-03, -6.63630E-03, -6.92972E-03, -7.23737E-03, -7.55966E-03, -7.89691E-03, -8.24934E-03, -8.61703E-03, -8.99990E-03, -9.39764E-03, -9.80971E-03, -1.02352E-02, -1.06729E-02, -1.11210E-02, -1.15773E-02, -1.20389E-02, -1.25021E-02, -1.29626E-02, -1.34150E-02, -1.38531E-02, -1.42699E-02, -1.46571E-02, -1.50060E-02, -1.53072E-02, -1.55510E-02, -1.57281E-02, -1.58303E-02, -1.58511E-02, -1.57872E-02, -1.56392E-02, -1.54124E-02, -1.51174E-02, -1.47690E-02, -1.43827E-02, -1.39693E-02, -1.35233E-02, -1.30089E-02, -1.23416E-02, -1.13720E-02, -9.87898E-03, -7.58379E-03, -4.19166E-03,  5.39499E-04,  6.71783E-03,  1.42463E-02,  2.27830E-02,  3.17458E-02,  4.03720E-02,  4.78363E-02,  5.34204E-02,  5.66858E-02,  5.75734E-02,  5.63761E-02,  5.36038E-02,  4.98203E-02,  4.55228E-02,  4.10871E-02,  3.67645E-02,  3.27039E-02,  2.89802E-02,  2.56198E-02,  2.26195E-02,  1.99596E-02,  1.76125E-02,  1.55473E-02,  1.37333E-02,  1.21414E-02,  1.07447E-02,  9.51917E-03,  8.44336E-03,  7.49837E-03,  6.66765E-03,  5.93671E-03,  5.29297E-03,  4.72543E-03,  4.22457E-03,  3.78209E-03,  3.39075E-03,  3.04429E-03,  2.73722E-03,  2.46479E-03,  2.22283E-03,  2.00771E-03,
 -5.73574E-03, -5.98523E-03, -6.24729E-03, -6.52243E-03, -6.81110E-03, -7.11375E-03, -7.43074E-03, -7.76235E-03, -8.10873E-03, -8.46991E-03, -8.84573E-03, -9.23576E-03, -9.63932E-03, -1.00553E-02, -1.04823E-02, -1.09182E-02, -1.13605E-02, -1.18056E-02, -1.22496E-02, -1.26871E-02, -1.31121E-02, -1.35174E-02, -1.38944E-02, -1.42336E-02, -1.45247E-02, -1.47562E-02, -1.49167E-02, -1.49950E-02, -1.49813E-02, -1.48684E-02, -1.46533E-02, -1.43394E-02, -1.39382E-02, -1.34711E-02, -1.29704E-02, -1.24781E-02, -1.20403E-02, -1.16965E-02, -1.14597E-02, -1.12892E-02, -1.10582E-02, -1.05288E-02, -9.35297E-03, -7.11910E-03, -3.44794E-03,  1.88448E-03,  8.84128E-03,  1.70772E-02,  2.59644E-02,  3.46838E-02,  4.23686E-02,  4.82770E-02,  5.19541E-02,  5.33177E-02,  5.26272E-02,  5.03559E-02,  4.70380E-02,  4.31528E-02,  3.90704E-02,  3.50440E-02,  3.12288E-02,  2.77076E-02,  2.45144E-02,  2.16530E-02,  1.91092E-02,  1.68600E-02,  1.48781E-02,  1.31357E-02,  1.16058E-02,  1.02632E-02,  9.08527E-03,  8.05154E-03,  7.14398E-03,  6.34667E-03,  5.64571E-03,  5.02891E-03,  4.48568E-03,  4.00678E-03,  3.58418E-03,  3.21087E-03,  2.88076E-03,  2.58857E-03,  2.32965E-03,  2.09999E-03,  1.89608E-03,
 -5.62333E-03, -5.86785E-03, -6.12466E-03, -6.39423E-03, -6.67701E-03, -6.97339E-03, -7.28369E-03, -7.60813E-03, -7.94682E-03, -8.29968E-03, -8.66644E-03, -9.04657E-03, -9.43919E-03, -9.84303E-03, -1.02563E-02, -1.06767E-02, -1.11011E-02, -1.15256E-02, -1.19452E-02, -1.23541E-02, -1.27449E-02, -1.31090E-02, -1.34363E-02, -1.37153E-02, -1.39330E-02, -1.40755E-02, -1.41279E-02, -1.40754E-02, -1.39047E-02, -1.36048E-02, -1.31699E-02, -1.26020E-02, -1.19140E-02, -1.11339E-02, -1.03084E-02, -9.50506E-03, -8.81126E-03, -8.32625E-03, -8.14121E-03, -8.30297E-03, -8.76064E-03, -9.30655E-03, -9.54156E-03, -8.90823E-03, -6.81888E-03, -2.85075E-03,  3.07801E-03,  1.06381E-02,  1.91479E-02,  2.77212E-02,  3.54490E-02,  4.15761E-02,  4.56400E-02,  4.75330E-02,  4.74649E-02,  4.58486E-02,  4.31647E-02,  3.98568E-02,  3.62780E-02,  3.26786E-02,  2.92195E-02,  2.59927E-02,  2.30424E-02,  2.03816E-02,  1.80045E-02,  1.58946E-02,  1.40300E-02,  1.23872E-02,  1.09423E-02,  9.67313E-03,  8.55881E-03,  7.58061E-03,  6.72177E-03,  5.96743E-03,  5.30452E-03,  4.72154E-03,  4.20847E-03,  3.75654E-03,  3.35811E-03,  3.00650E-03,  2.69593E-03,  2.42133E-03,  2.17830E-03,  1.96299E-03,  1.77205E-03,
 -5.49981E-03, -5.73848E-03, -5.98909E-03, -6.25206E-03, -6.52781E-03, -6.81668E-03, -7.11894E-03, -7.43476E-03, -7.76414E-03, -8.10693E-03, -8.46273E-03, -8.83086E-03, -9.21024E-03, -9.59937E-03, -9.99617E-03, -1.03979E-02, -1.08009E-02, -1.12007E-02, -1.15916E-02, -1.19665E-02, -1.23168E-02, -1.26323E-02, -1.29007E-02, -1.31078E-02, -1.32376E-02, -1.32720E-02, -1.31913E-02, -1.29752E-02, -1.26033E-02, -1.20572E-02, -1.13229E-02, -1.03939E-02, -9.27577E-03, -7.99237E-03, -6.59243E-03, -5.15755E-03, -3.80891E-03, -2.70940E-03, -2.05368E-03, -2.03469E-03, -2.77348E-03, -4.20994E-03, -5.98707E-03, -7.41246E-03, -7.59384E-03, -5.75074E-03, -1.54496E-03,  4.77370E-03,  1.24685E-02,  2.05593E-02,  2.80726E-02,  3.42297E-02,  3.85574E-02,  4.09188E-02,  4.14665E-02,  4.05407E-02,  3.85543E-02,  3.59016E-02,  3.29083E-02,  2.98149E-02,  2.67840E-02,  2.39153E-02,  2.12629E-02,  1.88498E-02,  1.66791E-02,  1.47420E-02,  1.30229E-02,  1.15032E-02,  1.01635E-02,  8.98441E-03,  7.94789E-03,  7.03722E-03,  6.23729E-03,  5.53458E-03,  4.91709E-03,  4.37424E-03,  3.89672E-03,  3.47637E-03,  3.10607E-03,  2.77959E-03,  2.49148E-03,  2.23702E-03,  2.01206E-03,  1.81299E-03,  1.63667E-03,
 -5.36553E-03, -5.59751E-03, -5.84098E-03, -6.09635E-03, -6.36398E-03, -6.64417E-03, -6.93711E-03, -7.24289E-03, -7.56145E-03, -7.89252E-03, -8.23557E-03, -8.58973E-03, -8.95376E-03, -9.32586E-03, -9.70363E-03, -1.00839E-02, -1.04625E-02, -1.08342E-02, -1.11923E-02, -1.15287E-02, -1.18332E-02, -1.20936E-02, -1.22952E-02, -1.24206E-02, -1.24494E-02, -1.23585E-02, -1.21215E-02, -1.17098E-02, -1.10927E-02, -1.02389E-02, -9.11879E-03, -7.70708E-03, -5.98788E-03, -3.96110E-03, -1.65196E-03,  8.76006E-04,  3.50374E-03,  6.03616E-03,  8.18343E-03,  9.55925E-03,  9.72848E-03,  8.35109E-03,  5.44063E-03,  1.63244E-03, -1.80600E-03, -3.42348E-03, -2.27217E-03,  1.68833E-03,  7.71147E-03,  1.46811E-02,  2.15012E-02,  2.73243E-02,  3.16381E-02,  3.42603E-02,  3.52769E-02,  3.49476E-02,  3.36083E-02,  3.15941E-02,  2.91926E-02,  2.66260E-02,  2.40515E-02,  2.15721E-02,  1.92486E-02,  1.71124E-02,  1.51749E-02,  1.34344E-02,  1.18817E-02,  1.05036E-02,  9.28483E-03,  8.20964E-03,  7.26275E-03,  6.42979E-03,  5.69752E-03,  5.05396E-03,  4.48836E-03,  3.99119E-03,  3.55400E-03,  3.16936E-03,  2.83075E-03,  2.53245E-03,  2.26946E-03,  2.03742E-03,  1.83251E-03,  1.65140E-03,  1.49118E-03,
 -5.22092E-03, -5.44539E-03, -5.68086E-03, -5.92768E-03, -6.18616E-03, -6.45654E-03, -6.73895E-03, -7.03340E-03, -7.33972E-03, -7.65754E-03, -7.98619E-03, -8.32463E-03, -8.67138E-03, -9.02440E-03, -9.38093E-03, -9.73734E-03, -1.00889E-02, -1.04297E-02, -1.07520E-02, -1.10464E-02, -1.13010E-02, -1.15015E-02, -1.16303E-02, -1.16662E-02, -1.15840E-02, -1.13539E-02, -1.09413E-02, -1.03064E-02, -9.40395E-03, -8.18396E-03, -6.59198E-03, -4.57073E-03, -2.06261E-03,  9.85888E-04,  4.61660E-03,  8.84652E-03,  1.36448E-02,  1.88926E-02,  2.43176E-02,  2.93981E-02,  3.32681E-02,  3.47391E-02,  3.26706E-02,  2.68089E-02,  1.85766E-02,  1.07453E-02,  5.87080E-03,  4.95782E-03,  7.43530E-03,  1.19601E-02,  1.71573E-02,  2.19794E-02,  2.57854E-02,  2.82940E-02,  2.94945E-02,  2.95497E-02,  2.87069E-02,  2.72306E-02,  2.53593E-02,  2.32863E-02,  2.11549E-02,  1.90640E-02,  1.70766E-02,  1.52287E-02,  1.35375E-02,  1.20074E-02,  1.06346E-02,  9.41065E-03,  8.32430E-03,  7.36330E-03,  6.51523E-03,  5.76808E-03,  5.11058E-03,  4.53237E-03,  4.02408E-03,  3.57729E-03,  3.18451E-03,  2.83911E-03,  2.53525E-03,  2.26779E-03,  2.03221E-03,  1.82459E-03,  1.64145E-03,  1.47979E-03,  1.33697E-03,
 -5.06647E-03, -5.28268E-03, -5.50933E-03, -5.74671E-03, -5.99509E-03, -6.25462E-03, -6.52539E-03, -6.80730E-03, -7.10011E-03, -7.40330E-03, -7.71608E-03, -8.03723E-03, -8.36507E-03, -8.69728E-03, -9.03076E-03, -9.36143E-03, -9.68402E-03, -9.99177E-03, -1.02761E-02, -1.05262E-02, -1.07285E-02, -1.08662E-02, -1.09187E-02, -1.08607E-02, -1.06613E-02, -1.02832E-02, -9.68170E-03, -8.80332E-03, -7.58448E-03, -5.94993E-03, -3.81084E-03, -1.06249E-03,  2.41851E-03,  6.77751E-03,  1.21848E-02,  1.88365E-02,  2.69458E-02,  3.67106E-02,  4.82164E-02,  6.12039E-02,  7.46050E-02,  8.58948E-02,  9.09156E-02,  8.56393E-02,  7.00008E-02,  4.95661E-02,  3.15884E-02,  2.00756E-02,  1.50455E-02,  1.45550E-02,  1.64750E-02,  1.92046E-02,  2.17516E-02,  2.36058E-02,  2.45886E-02,  2.47269E-02,  2.41570E-02,  2.30572E-02,  2.16041E-02,  1.99503E-02,  1.82153E-02,  1.64861E-02,  1.48212E-02,  1.32570E-02,  1.18132E-02,  1.04977E-02,  9.31086E-03,  8.24786E-03,  7.30099E-03,  6.46105E-03,  5.71824E-03,  5.06282E-03,  4.48544E-03,  3.97738E-03,  3.53064E-03,  3.13799E-03,  2.79291E-03,  2.48964E-03,  2.22305E-03,  1.98861E-03,  1.78237E-03,  1.60081E-03,  1.44089E-03,  1.29994E-03,  1.17560E-03,
 -4.90277E-03, -5.11003E-03, -5.32710E-03, -5.55423E-03, -5.79162E-03, -6.03937E-03, -6.29749E-03, -6.56580E-03, -6.84394E-03, -7.13131E-03, -7.42695E-03, -7.72951E-03, -8.03708E-03, -8.34709E-03, -8.65613E-03, -8.95970E-03, -9.25200E-03, -9.52554E-03, -9.77078E-03, -9.97561E-03, -1.01248E-02, -1.01992E-02, -1.01749E-02, -1.00223E-02, -9.70454E-03, -9.17613E-03, -8.38101E-03, -7.25006E-03, -5.69792E-03, -3.61878E-03, -8.80516E-04,  2.68368E-03,  7.28746E-03,  1.32095E-02,  2.08201E-02,  3.06200E-02,  4.32915E-02,  5.97514E-02,  8.11507E-02,  1.08639E-01,  1.42419E-01,  1.79274E-01,  2.08815E-01,  2.14193E-01,  1.86096E-01,  1.36861E-01,  8.87798E-02,  5.43906E-02,  3.43472E-02,  2.44961E-02,  2.06067E-02,  1.97109E-02,  2.00198E-02,  2.05561E-02,  2.08478E-02,  2.07200E-02,  2.01627E-02,  1.92467E-02,  1.80718E-02,  1.67380E-02,  1.53314E-02,  1.39187E-02,  1.25479E-02,  1.12503E-02,  1.00448E-02,  8.94027E-03,  7.93900E-03,  7.03871E-03,  6.23428E-03,  5.51894E-03,  4.88517E-03,  4.32524E-03,  3.83158E-03,  3.39702E-03,  3.01489E-03,  2.67913E-03,  2.38423E-03,  2.12528E-03,  1.89789E-03,  1.69819E-03,  1.52275E-03,  1.36857E-03,  1.23300E-03,  1.11374E-03,  1.00875E-03,
 -4.73047E-03, -4.92813E-03, -5.13494E-03, -5.35109E-03, -5.57671E-03, -5.81186E-03, -6.05643E-03, -6.31020E-03, -6.57271E-03, -6.84323E-03, -7.12070E-03, -7.40361E-03, -7.68986E-03, -7.97668E-03, -8.26036E-03, -8.53605E-03, -8.79745E-03, -9.03646E-03, -9.24267E-03, -9.40281E-03, -9.50003E-03, -9.51297E-03, -9.41467E-03, -9.17114E-03, -8.73959E-03, -8.06618E-03, -7.08303E-03, -5.70438E-03, -3.82119E-03, -1.29369E-03,  2.05957E-03,  6.47805E-03,  1.22845E-02,  1.99247E-02,  3.00324E-02,  4.35340E-02,  6.18222E-02,  8.70312E-02,  1.22434E-01,  1.72814E-01,  2.43937E-01,  3.37844E-01,  4.37312E-01,  4.87130E-01,  4.34179E-01,  3.11955E-01,  1.94779E-01,  1.14591E-01,  6.78314E-02,  4.27247E-02,  2.99241E-02,  2.36625E-02,  2.06840E-02,  1.92225E-02,  1.83520E-02,  1.76155E-02,  1.68147E-02,  1.58895E-02,  1.48484E-02,  1.37284E-02,  1.25733E-02,  1.14230E-02,  1.03089E-02,  9.25318E-03,  8.26998E-03,  7.36667E-03,  6.54558E-03,  5.80553E-03,  5.14294E-03,  4.55283E-03,  4.02945E-03,  3.56674E-03,  3.15870E-03,  2.79957E-03,  2.48394E-03,  2.20684E-03,  1.96375E-03,  1.75059E-03,  1.56373E-03,  1.39994E-03,  1.25636E-03,  1.13048E-03,  1.02007E-03,  9.23203E-04,  8.38172E-04,
 -4.55027E-03, -4.73778E-03, -4.93372E-03, -5.13824E-03, -5.35142E-03, -5.57324E-03, -5.80352E-03, -6.04197E-03, -6.28804E-03, -6.54090E-03, -6.79938E-03, -7.06185E-03, -7.32607E-03, -7.58908E-03, -7.84694E-03, -8.09452E-03, -8.32515E-03, -8.53019E-03, -8.69856E-03, -8.81601E-03, -8.86430E-03, -8.82017E-03, -8.65391E-03, -8.32763E-03, -7.79299E-03, -6.98823E-03, -5.83416E-03, -4.22871E-03, -2.03935E-03,  9.07971E-04,  4.84521E-03,  1.00874E-02,  1.70728E-02,  2.64281E-02,  3.90789E-02,  5.64413E-02,  8.07647E-02,  1.15762E-01,  1.67775E-01,  2.47864E-01,  3.74842E-01,  5.75058E-01,  8.51725E-01,  1.06076E+00,  9.40591E-01,  6.19111E-01,  3.56641E-01,  1.99231E-01,  1.13382E-01,  6.77197E-02,  4.34517E-02,  3.04463E-02,  2.33625E-02,  1.93732E-02,  1.69703E-02,  1.53507E-02,  1.40957E-02,  1.29974E-02,  1.19629E-02,  1.09591E-02,  9.98195E-03,  9.03942E-03,  8.14231E-03,  7.30015E-03,  6.51954E-03,  5.80398E-03,  5.15417E-03,  4.56869E-03,  4.04457E-03,  3.57787E-03,  3.16409E-03,  2.79853E-03,  2.47646E-03,  2.19337E-03,  1.94498E-03,  1.72734E-03,  1.53685E-03,  1.37026E-03,  1.22465E-03,  1.09744E-03,  9.86312E-04,  8.89252E-04,  8.04476E-04,  7.30417E-04,  6.65707E-04,
 -4.36293E-03, -4.53979E-03, -4.72436E-03, -4.91671E-03, -5.11688E-03, -5.32476E-03, -5.54015E-03, -5.76264E-03, -5.99164E-03, -6.22623E-03, -6.46516E-03, -6.70668E-03, -6.94847E-03, -7.18743E-03, -7.41947E-03, -7.63928E-03, -7.83992E-03, -8.01243E-03, -8.14521E-03, -8.22333E-03, -8.22755E-03, -8.13310E-03, -7.90813E-03, -7.51156E-03, -6.89044E-03, -5.97624E-03, -4.67992E-03, -2.88507E-03, -4.38193E-04,  2.86556E-03,  7.30376E-03,  1.32600E-02,  2.12771E-02,  3.21458E-02,  4.70565E-02,  6.78697E-02,  9.76194E-02,  1.41493E-01,  2.08840E-01,  3.17515E-01,  5.03637E-01,  8.42369E-01,  1.46191E+00,  2.19375E+00,  1.83992E+00,  1.02434E+00,  5.37294E-01,  2.88671E-01,  1.61480E-01,  9.47259E-02,  5.86678E-02,  3.86431E-02,  2.72175E-02,  2.04991E-02,  1.63909E-02,  1.37384E-02,  1.18994E-02,  1.05172E-02,  9.39619E-03,  8.43225E-03,  7.57195E-03,  6.78932E-03,  6.07244E-03,  5.41600E-03,  4.81733E-03,  4.27439E-03,  3.78495E-03,  3.34627E-03,  2.95518E-03,  2.60815E-03,  2.30147E-03,  2.03140E-03,  1.79428E-03,  1.58662E-03,  1.40515E-03,  1.24685E-03,  1.10896E-03,  9.89016E-04,  8.84779E-04,  7.94274E-04,  7.15748E-04,  6.47657E-04,  5.88641E-04,  5.37512E-04,  4.93227E-04,
 -4.16925E-03, -4.33506E-03, -4.50782E-03, -4.68757E-03, -4.87425E-03, -5.06774E-03, -5.26775E-03, -5.47384E-03, -5.68532E-03, -5.90123E-03, -6.12026E-03, -6.34061E-03, -6.55988E-03, -6.77492E-03, -6.98158E-03, -7.17445E-03, -7.34652E-03, -7.48866E-03, -7.58906E-03, -7.63243E-03, -7.59898E-03, -7.46305E-03, -7.19138E-03, -6.74079E-03, -6.05502E-03, -5.06062E-03, -3.66118E-03, -1.72938E-03,  9.04346E-04,  4.46844E-03,  9.27518E-03,  1.57594E-02,  2.45402E-02,  3.65237E-02,  5.30774E-02,  7.63414E-02,  1.09804E-01,  1.59423E-01,  2.35942E-01,  3.60043E-01,  5.74818E-01,  9.78344E-01,  1.79421E+00,  3.01229E+00,  2.41090E+00,  1.24006E+00,  6.41379E-01,  3.48305E-01,  1.97780E-01,  1.17046E-01,  7.21322E-02,  4.63482E-02,  3.11324E-02,  2.19188E-02,  1.61883E-02,  1.25116E-02,  1.00610E-02,  8.35092E-03,  7.09489E-03,  6.12374E-03,  5.33788E-03,  4.67878E-03,  4.11199E-03,  3.61693E-03,  3.18088E-03,  2.79547E-03,  2.45472E-03,  2.15392E-03,  1.88905E-03,  1.65653E-03,  1.45305E-03,  1.27554E-03,  1.12114E-03,  9.87234E-04,  8.71404E-04,  7.71461E-04,  6.85428E-04,  6.11537E-04,  5.48209E-04,  4.94049E-04,  4.47825E-04,  4.08457E-04,  3.74999E-04,  3.46624E-04,  3.22614E-04,
 -3.97007E-03, -4.12451E-03, -4.28513E-03, -4.45192E-03, -4.62479E-03, -4.80354E-03, -4.98785E-03, -5.17722E-03, -5.37092E-03, -5.56796E-03, -5.76699E-03, -5.96618E-03, -6.16314E-03, -6.35472E-03, -6.53681E-03, -6.70405E-03, -6.84948E-03, -6.96406E-03, -7.03606E-03, -7.05022E-03, -6.98673E-03, -6.81974E-03, -6.51555E-03, -6.03009E-03, -5.30555E-03, -4.26588E-03, -2.81059E-03, -8.06070E-04,  1.92656E-03,  5.62927E-03,  1.06335E-02,  1.74004E-02,  2.65845E-02,  3.91365E-02,  5.64743E-02,  8.07779E-02,  1.15512E-01,  1.66385E-01,  2.43166E-01,  3.63243E-01,  5.58519E-01,  8.86195E-01,  1.41332E+00,  1.93477E+00,  1.69217E+00,  1.05695E+00,  6.11973E-01,  3.56304E-01,  2.11990E-01,  1.29271E-01,  8.08056E-02,  5.17687E-02,  3.40080E-02,  2.29382E-02,  1.59156E-02,  1.13804E-02,  8.39346E-03,  6.38086E-03,  4.98800E-03,  3.99423E-03,  3.26160E-03,  2.70352E-03,  2.26541E-03,  1.91255E-03,  1.62260E-03,  1.38085E-03,  1.17733E-03,  1.00502E-03,  8.58780E-04,  7.34627E-04,  6.29387E-04,  5.40427E-04,  4.65516E-04,  4.02731E-04,  3.50398E-04,  3.07055E-04,  2.71423E-04,  2.42381E-04,  2.18953E-04,  2.00287E-04,  1.85643E-04,  1.74381E-04,  1.65947E-04,  1.59866E-04,  1.55729E-04,
 -3.76623E-03, -3.90906E-03, -4.05731E-03, -4.21091E-03, -4.36974E-03, -4.53354E-03, -4.70197E-03, -4.87448E-03, -5.05032E-03, -5.22848E-03, -5.40761E-03, -5.58591E-03, -5.76104E-03, -5.92992E-03, -6.08859E-03, -6.23186E-03, -6.35301E-03, -6.44333E-03, -6.49147E-03, -6.48264E-03, -6.39756E-03, -6.21097E-03, -5.88977E-03, -5.39039E-03, -4.65540E-03, -3.60884E-03, -2.14983E-03, -1.43836E-04,  2.58961E-03,  6.29445E-03,  1.13036E-02,  1.80769E-02,  2.72593E-02,  3.97707E-02,  5.69497E-02,  8.07844E-02,  1.14287E-01,  1.62092E-01,  2.31377E-01,  3.33015E-01,  4.81968E-01,  6.91582E-01,  9.42485E-01,  1.10940E+00,  1.02238E+00,  7.58792E-01,  5.04347E-01,  3.22253E-01,  2.04158E-01,  1.29812E-01,  8.31911E-02,  5.37799E-02,  3.50515E-02,  2.30095E-02,  1.51973E-02,  1.00890E-02,  6.72459E-03,  4.49347E-03,  3.00337E-03,  2.00056E-03,  1.32006E-03,  8.54187E-04,  5.32400E-04,  3.08346E-04,  1.51411E-04,  4.12508E-05, -3.57742E-05, -8.89189E-05, -1.24557E-04, -1.47158E-04, -1.59921E-04, -1.65187E-04, -1.64708E-04, -1.59822E-04, -1.51571E-04, -1.40779E-04, -1.28103E-04, -1.14076E-04, -9.91273E-05, -8.36066E-05, -6.77973E-05, -5.19279E-05, -3.61822E-05, -2.07059E-05, -5.61344E-06,
 -3.55863E-03, -3.68969E-03, -3.82541E-03, -3.96570E-03, -4.11037E-03, -4.25915E-03, -4.41164E-03, -4.56730E-03, -4.72536E-03, -4.88483E-03, -5.04437E-03, -5.20227E-03, -5.35628E-03, -5.50349E-03, -5.64016E-03, -5.76141E-03, -5.86096E-03, -5.93063E-03, -5.95977E-03, -5.93452E-03, -5.83667E-03, -5.64234E-03, -5.32006E-03, -4.82824E-03, -4.11178E-03, -3.09752E-03, -1.68804E-03,  2.46756E-04,  2.88116E-03,  6.44975E-03,  1.12701E-02,  1.77750E-02,  2.65602E-02,  3.84529E-02,  5.46134E-02,  7.66824E-02,  1.06981E-01,  1.48755E-01,  2.06333E-01,  2.84808E-01,  3.87963E-01,  5.11749E-01,  6.30992E-01,  6.92105E-01,  6.50616E-01,  5.28849E-01,  3.88536E-01,  2.69537E-01,  1.81613E-01,  1.20645E-01,  7.95422E-02,  5.21390E-02,  3.39293E-02,  2.18322E-02,  1.37946E-02,  8.45852E-03,  4.92571E-03,  2.59944E-03,  1.08160E-03,  1.05590E-04, -5.07679E-04, -8.78694E-04, -1.08859E-03, -1.19201E-03, -1.22572E-03, -1.21446E-03, -1.17481E-03, -1.11791E-03, -1.05116E-03, -9.79495E-04, -9.06174E-04, -8.33312E-04, -7.62264E-04, -6.93872E-04, -6.28629E-04, -5.66800E-04, -5.08489E-04, -4.53702E-04, -4.02374E-04, -3.54397E-04, -3.09637E-04, -2.67943E-04, -2.29158E-04, -1.93122E-04, -1.59674E-04,
 -3.34811E-03, -3.46735E-03, -3.59049E-03, -3.71743E-03, -3.84794E-03, -3.98173E-03, -4.11839E-03, -4.25735E-03, -4.39788E-03, -4.53900E-03, -4.67945E-03, -4.81763E-03, -4.95143E-03, -5.07821E-03, -5.19450E-03, -5.29590E-03, -5.37670E-03, -5.42948E-03, -5.44461E-03, -5.40951E-03, -5.30763E-03, -5.11718E-03, -4.80931E-03, -4.34576E-03, -3.67561E-03, -2.73105E-03, -1.42161E-03,  3.73485E-04,  2.81552E-03,  6.12010E-03,  1.05757E-02,  1.65688E-02,  2.46179E-02,  3.54191E-02,  4.99047E-02,  6.93122E-02,  9.52465E-02,  1.29680E-01,  1.74742E-01,  2.31963E-01,  3.00391E-01,  3.73105E-01,  4.33717E-01,  4.59332E-01,  4.35769E-01,  3.71743E-01,  2.91221E-01,  2.14885E-01,  1.52414E-01,  1.05266E-01,  7.12521E-02,  4.73270E-02,  3.07471E-02,  1.93706E-02,  1.16290E-02,  6.40834E-03,  2.92839E-03,  6.46386E-04, -8.14294E-04, -1.71461E-03, -2.23517E-03, -2.50080E-03, -2.59756E-03, -2.58458E-03, -2.50232E-03, -2.37830E-03, -2.23106E-03, -2.07299E-03, -1.91223E-03, -1.75398E-03, -1.60150E-03, -1.45668E-03, -1.32052E-03, -1.19341E-03, -1.07537E-03, -9.66165E-04, -8.65415E-04, -7.72653E-04, -6.87373E-04, -6.09058E-04, -5.37196E-04, -4.71294E-04, -4.10883E-04, -3.55525E-04, -3.04809E-04,
 -3.13557E-03, -3.24298E-03, -3.35359E-03, -3.46724E-03, -3.58370E-03, -3.70266E-03, -3.82369E-03, -3.94625E-03, -4.06962E-03, -4.19290E-03, -4.31493E-03, -4.43422E-03, -4.54892E-03, -4.65663E-03, -4.75434E-03, -4.83816E-03, -4.90312E-03, -4.94277E-03, -4.94876E-03, -4.91012E-03, -4.81244E-03, -4.63664E-03, -4.35739E-03, -3.94088E-03, -3.34197E-03, -2.50033E-03, -1.33532E-03,  2.60610E-04,  2.43053E-03,  5.36410E-03,  9.31162E-03,  1.46017E-02,  2.16624E-02,  3.10459E-02,  4.34524E-02,  5.97430E-02,  8.09189E-02,  1.08011E-01,  1.41783E-01,  1.82078E-01,  2.26701E-01,  2.70046E-01,  3.02741E-01,  3.14453E-01,  2.99930E-01,  2.63191E-01,  2.14847E-01,  1.65585E-01,  1.22106E-01,  8.69568E-02,  6.00659E-02,  4.02152E-02,  2.59152E-02,  1.58028E-02,  8.76698E-03,  3.95387E-03,  7.27618E-04, -1.37653E-03, -2.69441E-03, -3.46680E-03, -3.86530E-03, -4.01147E-03, -3.99097E-03, -3.86373E-03, -3.67134E-03, -3.44239E-03, -3.19629E-03, -2.94594E-03, -2.69977E-03, -2.46302E-03, -2.23879E-03, -2.02873E-03, -1.83346E-03, -1.65299E-03, -1.48688E-03, -1.33447E-03, -1.19494E-03, -1.06742E-03, -9.50999E-04, -8.44812E-04, -7.48009E-04, -6.59793E-04, -5.79420E-04, -5.06200E-04, -4.39498E-04,
 -2.92184E-03, -3.01751E-03, -3.11570E-03, -3.21623E-03, -3.31884E-03, -3.42322E-03, -3.52896E-03, -3.63553E-03, -3.74228E-03, -3.84836E-03, -3.95275E-03, -4.05414E-03, -4.15093E-03, -4.24109E-03, -4.32206E-03, -4.39061E-03, -4.44262E-03, -4.47276E-03, -4.47415E-03, -4.43774E-03, -4.35162E-03, -4.19993E-03, -3.96150E-03, -3.60791E-03, -3.10098E-03, -2.38942E-03, -1.40451E-03, -5.45407E-05,  1.78204E-03,  4.26504E-03,  7.60240E-03,  1.20612E-02,  1.79786E-02,  2.57707E-02,  3.59331E-02,  4.90232E-02,  6.56034E-02,  8.61101E-02,  1.10601E-01,  1.38335E-01,  1.67233E-01,  1.93474E-01,  2.11855E-01,  2.17449E-01,  2.08100E-01,  1.85831E-01,  1.55782E-01,  1.23647E-01,  9.36714E-02,  6.80958E-02,  4.75589E-02,  3.17597E-02,  1.99875E-02,  1.14405E-02,  5.38033E-03,  1.18865E-03, -1.62588E-03, -3.44125E-03, -4.54217E-03, -5.13985E-03, -5.38918E-03, -5.40255E-03, -5.26074E-03, -5.02125E-03, -4.72448E-03, -4.39850E-03, -4.06243E-03, -3.72899E-03, -3.40641E-03, -3.09969E-03, -2.81166E-03, -2.54359E-03, -2.29575E-03, -2.06776E-03, -1.85879E-03, -1.66778E-03, -1.49354E-03, -1.33484E-03, -1.19045E-03, -1.05916E-03, -9.39858E-04, -8.31470E-04, -7.33016E-04, -6.43589E-04, -5.62359E-04,
 -2.70775E-03, -2.79185E-03, -2.87781E-03, -2.96545E-03, -3.05451E-03, -3.14468E-03, -3.23555E-03, -3.32666E-03, -3.41739E-03, -3.50703E-03, -3.59468E-03, -3.67927E-03, -3.75946E-03, -3.83362E-03, -3.89974E-03, -3.95529E-03, -3.99709E-03, -4.02106E-03, -4.02192E-03, -3.99276E-03, -3.92441E-03, -3.80458E-03, -3.61670E-03, -3.33832E-03, -2.93896E-03, -2.37735E-03, -1.59780E-03, -5.25816E-04,  9.37303E-04,  2.92049E-03,  5.58938E-03,  9.15224E-03,  1.38639E-02,  2.00244E-02,  2.79679E-02,  3.80322E-02,  5.04975E-02,  6.54750E-02,  8.27332E-02,  1.01467E-01,  1.20076E-01,  1.36124E-01,  1.46717E-01,  1.49393E-01,  1.43200E-01,  1.29214E-01,  1.10087E-01,  8.89484E-02,  6.84202E-02,  5.01671E-02,  3.49353E-02,  2.28171E-02,  1.35342E-02,  6.65047E-03,  1.70101E-03, -1.74138E-03, -4.03977E-03, -5.48841E-03, -6.31827E-03, -6.70660E-03, -6.78699E-03, -6.65865E-03, -6.39424E-03, -6.04627E-03, -5.65209E-03, -5.23785E-03, -4.82144E-03, -4.41475E-03, -4.02536E-03, -3.65780E-03, -3.31441E-03, -2.99608E-03, -2.70269E-03, -2.43348E-03, -2.18728E-03, -1.96267E-03, -1.75816E-03, -1.57219E-03, -1.40327E-03, -1.24993E-03, -1.11079E-03, -9.84590E-04, -8.70128E-04, -7.66321E-04, -6.72171E-04,
 -2.49409E-03, -2.56684E-03, -2.64084E-03, -2.71591E-03, -2.79179E-03, -2.86818E-03, -2.94471E-03, -3.02096E-03, -3.09641E-03, -3.17044E-03, -3.24234E-03, -3.31127E-03, -3.37620E-03, -3.43595E-03, -3.48906E-03, -3.53377E-03, -3.56789E-03, -3.58865E-03, -3.59248E-03, -3.57468E-03, -3.52897E-03, -3.44678E-03, -3.31637E-03, -3.12149E-03, -2.83968E-03, -2.43996E-03, -1.88001E-03, -1.10258E-03, -3.15385E-05,  1.43248E-03,  3.41600E-03,  6.07538E-03,  9.59640E-03,  1.41883E-02,  2.00681E-02,  2.74298E-02,  3.63922E-02,  4.69186E-02,  5.87104E-02,  7.10934E-02,  8.29472E-02,  9.27631E-02,  9.89140E-02,  1.00122E-01,  9.59401E-02,  8.69649E-02,  7.46269E-02,  6.06925E-02,  4.67661E-02,  3.39980E-02,  2.30273E-02,  1.40717E-02,  7.06755E-03,  1.79725E-03, -2.01849E-03, -4.66355E-03, -6.39636E-03, -7.43740E-03, -7.96687E-03, -8.12761E-03, -8.03018E-03, -7.75847E-03, -7.37502E-03, -6.92565E-03, -6.44333E-03, -5.95128E-03, -5.46540E-03, -4.99626E-03, -4.55046E-03, -4.13181E-03, -3.74210E-03, -3.38177E-03, -3.05030E-03, -2.74658E-03, -2.46913E-03, -2.21626E-03, -1.98620E-03, -1.77715E-03, -1.58739E-03, -1.41525E-03, -1.25917E-03, -1.11768E-03, -9.89440E-04, -8.73219E-04, -7.67883E-04,
 -2.28161E-03, -2.34328E-03, -2.40566E-03, -2.46853E-03, -2.53167E-03, -2.59480E-03, -2.65758E-03, -2.71965E-03, -2.78060E-03, -2.83993E-03, -2.89713E-03, -2.95158E-03, -3.00262E-03, -3.04950E-03, -3.09136E-03, -3.12722E-03, -3.15589E-03, -3.17595E-03, -3.18554E-03, -3.18221E-03, -3.16254E-03, -3.12171E-03, -3.05274E-03, -2.94554E-03, -2.78551E-03, -2.55173E-03, -2.21470E-03, -1.73357E-03, -1.05307E-03, -1.00495E-04,  1.21673E-03,  3.01185E-03,  5.41656E-03,  8.57358E-03,  1.26215E-02,  1.76689E-02,  2.37550E-02,  3.07969E-02,  3.85299E-02,  4.64559E-02,  5.38332E-02,  5.97444E-02,  6.32660E-02,  6.37133E-02,  6.08672E-02,  5.50650E-02,  4.71009E-02,  3.79880E-02,  2.87017E-02,  2.00029E-02,  1.23728E-02,  6.03338E-03,  1.01128E-03, -2.79064E-03, -5.53347E-03, -7.39982E-03, -8.56773E-03, -9.19681E-03, -9.42261E-03, -9.35592E-03, -9.08465E-03, -8.67688E-03, -8.18421E-03, -7.64493E-03, -7.08684E-03, -6.52962E-03, -5.98678E-03, -5.46719E-03, -4.97628E-03, -4.51703E-03, -4.09062E-03, -3.69702E-03, -3.33534E-03, -3.00417E-03, -2.70178E-03, -2.42624E-03, -2.17559E-03, -1.94787E-03, -1.74116E-03, -1.55365E-03, -1.38363E-03, -1.22953E-03, -1.08988E-03, -9.63320E-04, -8.48634E-04,
 -2.07100E-03, -2.12193E-03, -2.17305E-03, -2.22418E-03, -2.27507E-03, -2.32550E-03, -2.37517E-03, -2.42381E-03, -2.47108E-03, -2.51666E-03, -2.56020E-03, -2.60138E-03, -2.63986E-03, -2.67534E-03, -2.70757E-03, -2.73633E-03, -2.76146E-03, -2.78281E-03, -2.80022E-03, -2.81337E-03, -2.82165E-03, -2.82376E-03, -2.81730E-03, -2.79794E-03, -2.75844E-03, -2.68718E-03, -2.56638E-03, -2.36987E-03, -2.06073E-03, -1.58901E-03, -8.90053E-04,  1.15551E-04,  1.51941E-03,  3.41861E-03,  5.90318E-03,  9.03649E-03,  1.28280E-02,  1.72007E-02,  2.19579E-02,  2.67637E-02,  3.11500E-02,  3.45696E-02,  3.64973E-02,  3.65584E-02,  3.46398E-02,  3.09312E-02,  2.58766E-02,  2.00574E-02,  1.40579E-02,  8.36258E-03,  3.30528E-03, -9.33937E-04, -4.30214E-03, -6.83577E-03, -8.62446E-03, -9.78233E-03, -1.04283E-02, -1.06739E-02, -1.06176E-02, -1.03420E-02, -9.91429E-03, -9.38744E-03, -8.80229E-03, -8.18951E-03, -7.57155E-03, -6.96435E-03, -6.37884E-03, -5.82210E-03, -5.29836E-03, -4.80971E-03, -4.35677E-03, -3.93905E-03, -3.55538E-03, -3.20410E-03, -2.88330E-03, -2.59090E-03, -2.32481E-03, -2.08296E-03, -1.86332E-03, -1.66399E-03, -1.48319E-03, -1.31925E-03, -1.17062E-03, -1.03589E-03, -9.13757E-04,
 -1.86291E-03, -1.90347E-03, -1.94376E-03, -1.98361E-03, -2.02280E-03, -2.06113E-03, -2.09838E-03, -2.13434E-03, -2.16880E-03, -2.20157E-03, -2.23252E-03, -2.26158E-03, -2.28875E-03, -2.31420E-03, -2.33823E-03, -2.36139E-03, -2.38447E-03, -2.40854E-03, -2.43502E-03, -2.46561E-03, -2.50223E-03, -2.54685E-03, -2.60117E-03, -2.66607E-03, -2.74083E-03, -2.82201E-03, -2.90196E-03, -2.96702E-03, -2.99555E-03, -2.95597E-03, -2.80544E-03, -2.48974E-03, -1.94530E-03, -1.10437E-03,  9.57493E-05,  1.69885E-03,  3.71187E-03,  6.08487E-03,  8.69356E-03,  1.13314E-02,  1.37199E-02,  1.55431E-02,  1.65050E-02,  1.63979E-02,  1.51577E-02,  1.28848E-02,  9.82065E-03,  6.28988E-03,  2.63085E-03, -8.62577E-04, -3.97499E-03, -6.57824E-03, -8.62207E-03, -1.01155E-02, -1.11064E-02, -1.16638E-02, -1.18642E-02, -1.17828E-02, -1.14879E-02, -1.10387E-02, -1.04846E-02, -9.86501E-03, -9.21098E-03, -8.54607E-03, -7.88768E-03, -7.24821E-03, -6.63613E-03, -6.05684E-03, -5.51343E-03, -5.00725E-03, -4.53840E-03, -4.10607E-03, -3.70888E-03, -3.34503E-03, -3.01250E-03, -2.70918E-03, -2.43290E-03, -2.18154E-03, -1.95308E-03, -1.74557E-03, -1.55718E-03, -1.38621E-03, -1.23111E-03, -1.09041E-03, -9.62786E-04,
 -1.65793E-03, -1.68852E-03, -1.71844E-03, -1.74751E-03, -1.77556E-03, -1.80243E-03, -1.82796E-03, -1.85202E-03, -1.87452E-03, -1.89543E-03, -1.91480E-03, -1.93282E-03, -1.94985E-03, -1.96646E-03, -1.98351E-03, -2.00224E-03, -2.02432E-03, -2.05196E-03, -2.08797E-03, -2.13585E-03, -2.19977E-03, -2.28454E-03, -2.39539E-03, -2.53762E-03, -2.71601E-03, -2.93387E-03, -3.19185E-03, -3.48631E-03, -3.80756E-03, -4.13806E-03, -4.45100E-03, -4.70978E-03, -4.86919E-03, -4.87876E-03, -4.68906E-03, -4.26096E-03, -3.57727E-03, -2.65517E-03, -1.55627E-03, -3.90371E-04,  6.91442E-04,  1.51663E-03,  1.92237E-03,  1.79104E-03,  1.07888E-03, -1.72135E-04, -1.84391E-03, -3.76923E-03, -5.76629E-03, -7.66988E-03, -9.35209E-03, -1.07307E-02, -1.17676E-02, -1.24605E-02, -1.28329E-02, -1.29241E-02, -1.27805E-02, -1.24501E-02, -1.19783E-02, -1.14054E-02, -1.07660E-02, -1.00883E-02, -9.39516E-03, -8.70396E-03, -8.02778E-03, -7.37601E-03, -6.75504E-03, -6.16888E-03, -5.61972E-03, -5.10836E-03, -4.63456E-03, -4.19735E-03, -3.79525E-03, -3.42645E-03, -3.08895E-03, -2.78065E-03, -2.49945E-03, -2.24327E-03, -2.01010E-03, -1.79803E-03, -1.60527E-03, -1.43013E-03, -1.27106E-03, -1.12661E-03, -9.95462E-04,
 -1.45657E-03, -1.47763E-03, -1.49764E-03, -1.51647E-03, -1.53397E-03, -1.55002E-03, -1.56453E-03, -1.57747E-03, -1.58884E-03, -1.59877E-03, -1.60752E-03, -1.61551E-03, -1.62341E-03, -1.63219E-03, -1.64322E-03, -1.65834E-03, -1.68003E-03, -1.71146E-03, -1.75666E-03, -1.82065E-03, -1.90949E-03, -2.03029E-03, -2.19115E-03, -2.40092E-03, -2.66865E-03, -3.00289E-03, -3.41054E-03, -3.89542E-03, -4.45650E-03, -5.08610E-03, -5.76826E-03, -6.47770E-03, -7.18004E-03, -7.83362E-03, -8.39342E-03, -8.81710E-03, -9.07274E-03, -9.14706E-03, -9.05251E-03, -8.83056E-03, -8.54944E-03, -8.29473E-03, -8.15410E-03, -8.19925E-03, -8.47024E-03, -8.96702E-03, -9.65058E-03, -1.04529E-02, -1.12918E-02, -1.20860E-02, -1.27673E-02, -1.32870E-02, -1.36179E-02, -1.37523E-02, -1.36982E-02, -1.34742E-02, -1.31058E-02, -1.26208E-02, -1.20474E-02, -1.14116E-02, -1.07367E-02, -1.00423E-02, -9.34460E-03, -8.65649E-03, -7.98768E-03, -7.34532E-03, -6.73429E-03, -6.15769E-03, -5.61717E-03, -5.11325E-03, -4.64560E-03, -4.21327E-03, -3.81487E-03, -3.44872E-03, -3.11294E-03, -2.80559E-03, -2.52469E-03, -2.26828E-03, -2.03447E-03, -1.82145E-03, -1.62749E-03, -1.45099E-03, -1.29044E-03, -1.14445E-03, -1.01173E-03,
 -1.25930E-03, -1.27127E-03, -1.28187E-03, -1.29099E-03, -1.29852E-03, -1.30439E-03, -1.30858E-03, -1.31113E-03, -1.31217E-03, -1.31197E-03, -1.31095E-03, -1.30978E-03, -1.30941E-03, -1.31115E-03, -1.31682E-03, -1.32881E-03, -1.35022E-03, -1.38506E-03, -1.43836E-03, -1.51631E-03, -1.62643E-03, -1.77761E-03, -1.98009E-03, -2.24525E-03, -2.58520E-03, -3.01210E-03, -3.53709E-03, -4.16888E-03, -4.91197E-03, -5.76478E-03, -6.71768E-03, -7.75157E-03, -8.83722E-03, -9.93591E-03, -1.10017E-02, -1.19856E-02, -1.28406E-02, -1.35286E-02, -1.40264E-02, -1.43303E-02, -1.44577E-02, -1.44455E-02, -1.43433E-02, -1.42050E-02, -1.40786E-02, -1.39979E-02, -1.39776E-02, -1.40131E-02, -1.40839E-02, -1.41597E-02, -1.42076E-02, -1.41975E-02, -1.41066E-02, -1.39216E-02, -1.36379E-02, -1.32595E-02, -1.27959E-02, -1.22609E-02, -1.16702E-02, -1.10398E-02, -1.03851E-02, -9.71962E-03, -9.05535E-03, -8.40200E-03, -7.76727E-03, -7.15700E-03, -6.57535E-03, -6.02505E-03, -5.50766E-03, -5.02378E-03, -4.57328E-03, -4.15546E-03, -3.76920E-03, -3.41311E-03, -3.08558E-03, -2.78493E-03, -2.50940E-03, -2.25725E-03, -2.02676E-03, -1.81628E-03, -1.62423E-03, -1.44910E-03, -1.28951E-03, -1.14413E-03, -1.01175E-03,
 -1.06653E-03, -1.06985E-03, -1.07154E-03, -1.07148E-03, -1.06962E-03, -1.06594E-03, -1.06047E-03, -1.05333E-03, -1.04478E-03, -1.03519E-03, -1.02517E-03, -1.01557E-03, -1.00760E-03, -1.00287E-03, -1.00356E-03, -1.01248E-03, -1.03328E-03, -1.07057E-03, -1.13012E-03, -1.21900E-03, -1.34572E-03, -1.52037E-03, -1.75454E-03, -2.06118E-03, -2.45421E-03, -2.94781E-03, -3.55542E-03, -4.28825E-03, -5.15350E-03, -6.15230E-03, -7.27762E-03, -8.51236E-03, -9.82818E-03, -1.11853E-02, -1.25339E-02, -1.38168E-02, -1.49740E-02, -1.59488E-02, -1.66942E-02, -1.71794E-02, -1.73952E-02, -1.73564E-02, -1.71008E-02, -1.66847E-02, -1.61740E-02, -1.56336E-02, -1.51175E-02, -1.46615E-02, -1.42798E-02, -1.39673E-02, -1.37045E-02, -1.34647E-02, -1.32203E-02, -1.29479E-02, -1.26312E-02, -1.22613E-02, -1.18365E-02, -1.13605E-02, -1.08410E-02, -1.02877E-02, -9.71140E-03, -9.12255E-03, -8.53082E-03, -7.94466E-03, -7.37109E-03, -6.81570E-03, -6.28274E-03, -5.77523E-03, -5.29513E-03, -4.84353E-03, -4.42080E-03, -4.02674E-03, -3.66072E-03, -3.32178E-03, -3.00874E-03, -2.72028E-03, -2.45496E-03, -2.21134E-03, -1.98795E-03, -1.78336E-03, -1.59617E-03, -1.42506E-03, -1.26875E-03, -1.12605E-03, -9.95851E-04,
 -8.78594E-04, -8.73729E-04, -8.66980E-04, -8.58277E-04, -8.47590E-04, -8.34945E-04, -8.20439E-04, -8.04273E-04, -7.86781E-04, -7.68471E-04, -7.50081E-04, -7.32638E-04, -7.17544E-04, -7.06661E-04, -7.02432E-04, -7.08011E-04, -7.27408E-04, -7.65661E-04, -8.29000E-04, -9.25015E-04, -1.06279E-03, -1.25300E-03, -1.50785E-03, -1.84091E-03, -2.26671E-03, -2.80000E-03, -3.45470E-03, -4.24239E-03, -5.17049E-03, -6.24001E-03, -7.44339E-03, -8.76228E-03, -1.01661E-02, -1.16112E-02, -1.30421E-02, -1.43933E-02, -1.55942E-02, -1.65751E-02, -1.72751E-02, -1.76505E-02, -1.76829E-02, -1.73856E-02, -1.68045E-02, -1.60146E-02, -1.51096E-02, -1.41871E-02, -1.33327E-02, -1.26068E-02, -1.20381E-02, -1.16247E-02, -1.13406E-02, -1.11467E-02, -1.10000E-02, -1.08616E-02, -1.07014E-02, -1.04992E-02, -1.02446E-02, -9.93511E-03, -9.57416E-03, -9.16893E-03, -8.72862E-03, -8.26319E-03, -7.78232E-03, -7.29489E-03, -6.80863E-03, -6.33000E-03, -5.86416E-03, -5.41508E-03, -4.98565E-03, -4.57783E-03, -4.19283E-03, -3.83118E-03, -3.49295E-03, -3.17778E-03, -2.88504E-03, -2.61388E-03, -2.36330E-03, -2.13220E-03, -1.91946E-03, -1.72389E-03, -1.54435E-03, -1.37972E-03, -1.22890E-03, -1.09084E-03, -9.64574E-04,
 -6.95778E-04, -6.83173E-04, -6.68470E-04, -6.51628E-04, -6.32650E-04, -6.11604E-04, -5.88643E-04, -5.64033E-04, -5.38190E-04, -5.11717E-04, -4.85468E-04, -4.60602E-04, -4.38672E-04, -4.21714E-04, -4.12362E-04, -4.13975E-04, -4.30781E-04, -4.68034E-04, -5.32171E-04, -6.30959E-04, -7.73608E-04, -9.70818E-04, -1.23471E-03, -1.57862E-03, -2.01658E-03, -2.56262E-03, -3.22958E-03, -4.02760E-03, -4.96220E-03, -6.03203E-03, -7.22648E-03, -8.52352E-03, -9.88789E-03, -1.12704E-02, -1.26086E-02, -1.38293E-02, -1.48531E-02, -1.56021E-02, -1.60085E-02, -1.60264E-02, -1.56419E-02, -1.48819E-02, -1.38165E-02, -1.25545E-02, -1.12282E-02, -9.97265E-03, -8.90173E-03, -8.08979E-03, -7.56310E-03, -7.30311E-03, -7.25874E-03, -7.36237E-03, -7.54467E-03, -7.74510E-03, -7.91741E-03, -8.03090E-03, -8.06892E-03, -8.02607E-03, -7.90502E-03, -7.71363E-03, -7.46262E-03, -7.16385E-03, -6.82910E-03, -6.46936E-03, -6.09435E-03, -5.71241E-03, -5.33044E-03, -4.95398E-03, -4.58731E-03, -4.23369E-03, -3.89539E-03, -3.57398E-03, -3.27036E-03, -2.98495E-03, -2.71778E-03, -2.46858E-03, -2.23685E-03, -2.02193E-03, -1.82306E-03, -1.63940E-03, -1.47009E-03, -1.31422E-03, -1.17092E-03, -1.03934E-03, -9.18621E-04,
 -5.18318E-04, -4.98408E-04, -4.76215E-04, -4.51719E-04, -4.24956E-04, -3.96030E-04, -3.65141E-04, -3.32609E-04, -2.98914E-04, -2.64737E-04, -2.31011E-04, -1.98992E-04, -1.70329E-04, -1.47162E-04, -1.32223E-04, -1.28957E-04, -1.41655E-04, -1.75588E-04, -2.37147E-04, -3.33950E-04, -4.74925E-04, -6.70299E-04, -9.31488E-04, -1.27079E-03, -1.70087E-03, -2.23390E-03, -2.88040E-03, -3.64760E-03, -4.53750E-03, -5.54460E-03, -6.65350E-03, -7.83663E-03, -9.05256E-03, -1.02452E-02, -1.13448E-02, -1.22703E-02, -1.29356E-02, -1.32573E-02, -1.31663E-02, -1.26215E-02, -1.16228E-02, -1.02226E-02, -8.52882E-03, -6.69739E-03, -4.91158E-03, -3.35107E-03, -2.15861E-03, -1.41471E-03, -1.12846E-03, -1.24630E-03, -1.67329E-03, -2.29817E-03, -3.01458E-03, -3.73451E-03, -4.39388E-03, -4.95225E-03, -5.38922E-03, -5.69957E-03, -5.88847E-03, -5.96748E-03, -5.95147E-03, -5.85640E-03, -5.69794E-03, -5.49062E-03, -5.24730E-03, -4.97910E-03, -4.69534E-03, -4.40364E-03, -4.11013E-03, -3.81964E-03, -3.53581E-03, -3.26140E-03, -2.99832E-03, -2.74790E-03, -2.51092E-03, -2.28776E-03, -2.07851E-03, -1.88301E-03, -1.70090E-03, -1.53173E-03, -1.37494E-03, -1.22991E-03, -1.09599E-03, -9.72526E-04, -8.58854E-04,
 -3.46397E-04, -3.19606E-04, -2.90365E-04, -2.58676E-04, -2.24599E-04, -1.88270E-04, -1.49926E-04, -1.09927E-04, -6.88002E-05, -2.72753E-05,  1.36608E-05,  5.27036E-05,  8.81580E-05,  1.17854E-04,  1.39053E-04,  1.48338E-04,  1.41507E-04,  1.13454E-04,  5.80730E-05, -3.18185E-05, -1.64504E-04, -3.49307E-04, -5.96401E-04, -9.16441E-04, -1.31996E-03, -1.81645E-03, -2.41313E-03, -3.11326E-03, -3.91420E-03, -4.80511E-03, -5.76460E-03, -6.75848E-03, -7.73819E-03, -8.64015E-03, -9.38687E-03, -9.89026E-03, -1.00580E-02, -9.80355E-03, -9.05921E-03, -7.79281E-03, -6.02437E-03, -3.83977E-03, -1.39506E-03,  1.09410E-03,  3.38120E-03,  5.23231E-03,  6.47285E-03,  7.02163E-03,  6.89995E-03,  6.21394E-03,  5.11995E-03,  3.78693E-03,  2.36742E-03,  9.81265E-04, -2.88838E-04, -1.39421E-03, -2.31330E-03, -3.04402E-03, -3.59694E-03, -3.98986E-03, -4.24393E-03, -4.38101E-03, -4.42208E-03, -4.38629E-03, -4.29055E-03, -4.14939E-03, -3.97509E-03, -3.77777E-03, -3.56571E-03, -3.34554E-03, -3.12248E-03, -2.90059E-03, -2.68295E-03, -2.47185E-03, -2.26891E-03, -2.07526E-03, -1.89158E-03, -1.71826E-03, -1.55542E-03, -1.40297E-03, -1.26072E-03, -1.12834E-03, -1.00544E-03, -8.91571E-04, -7.86274E-04,
 -1.80160E-04, -1.46894E-04, -1.11025E-04, -7.25744E-05, -3.16207E-05,  1.16768E-05,  5.70577E-05,  1.04133E-04,  1.52349E-04,  2.00953E-04,  2.48938E-04,  2.94991E-04,  3.37428E-04,  3.74118E-04,  4.02399E-04,  4.18996E-04,  4.19926E-04,  4.00421E-04,  3.54860E-04,  2.76746E-04,  1.58735E-04, -7.23829E-06, -2.29698E-04, -5.17183E-04, -8.77568E-04, -1.31708E-03, -1.83900E-03, -2.44199E-03, -3.11809E-03, -3.85050E-03, -4.61126E-03, -5.35917E-03, -6.03825E-03, -6.57738E-03, -6.89165E-03, -6.88625E-03, -6.46367E-03, -5.53493E-03, -4.03520E-03, -1.94307E-03,  6.98857E-04,  3.76685E-03,  7.04988E-03,  1.02630E-02,  1.30850E-02,  1.52181E-02,  1.64512E-02,  1.67064E-02,  1.60468E-02,  1.46467E-02,  1.27388E-02,  1.05611E-02,  8.31865E-03,  6.16529E-03,  4.20163E-03,  2.48246E-03,  1.02787E-03, -1.65795E-04, -1.11673E-03, -1.85084E-03, -2.39706E-03, -2.78431E-03, -3.03977E-03, -3.18791E-03, -3.25020E-03, -3.24502E-03, -3.18787E-03, -3.09165E-03, -2.96692E-03, -2.82227E-03, -2.66461E-03, -2.49940E-03, -2.33093E-03, -2.16251E-03, -1.99667E-03, -1.83528E-03, -1.67968E-03, -1.53081E-03, -1.38928E-03, -1.25543E-03, -1.12942E-03, -1.01123E-03, -9.00751E-04, -7.97761E-04, -7.01998E-04,
 -1.97122E-05,  1.96422E-05,  6.17397E-05,  1.06549E-04,  1.53977E-04,  2.03852E-04,  2.55898E-04,  3.09716E-04,  3.64747E-04,  4.20236E-04,  4.75191E-04,  5.28334E-04,  5.78041E-04,  6.22282E-04,  6.58555E-04,  6.83821E-04,  6.94436E-04,  6.86108E-04,  6.53873E-04,  5.92114E-04,  4.94651E-04,  3.54936E-04,  1.66376E-04, -7.71469E-05, -3.80530E-04, -7.46418E-04, -1.17386E-03, -1.65665E-03, -2.18132E-03, -2.72503E-03, -3.25332E-03, -3.71815E-03, -4.05656E-03, -4.19050E-03, -4.02847E-03, -3.46982E-03, -2.41273E-03, -7.66653E-04,  1.53014E-03,  4.48832E-03,  8.04290E-03,  1.20319E-02,  1.61872E-02,  2.01496E-02,  2.35164E-02,  2.59181E-02,  2.71038E-02,  2.70008E-02,  2.57225E-02,  2.35226E-02,  2.07202E-02,  1.76285E-02,  1.45071E-02,  1.15432E-02,  8.85341E-03,  6.49607E-03,  4.48763E-03,  2.81697E-03,  1.45697E-03,  3.72715E-04, -4.73122E-04, -1.11694E-03, -1.59238E-03, -1.92947E-03, -2.15432E-03, -2.28927E-03, -2.35311E-03, -2.36152E-03, -2.32743E-03, -2.26141E-03, -2.17202E-03, -2.06617E-03, -1.94938E-03, -1.82598E-03, -1.69941E-03, -1.57229E-03, -1.44664E-03, -1.32396E-03, -1.20535E-03, -1.09159E-03, -9.83185E-04, -8.80452E-04, -7.83544E-04, -6.92494E-04, -6.07241E-04,
  1.34873E-04,  1.79946E-04,  2.27897E-04,  2.78689E-04,  3.32221E-04,  3.88318E-04,  4.46703E-04,  5.06980E-04,  5.68601E-04,  6.30841E-04,  6.92749E-04,  7.53119E-04,  8.10436E-04,  8.62827E-04,  9.08020E-04,  9.43290E-04,  9.65431E-04,  9.70738E-04,  9.55025E-04,  9.13699E-04,  8.41896E-04,  7.34740E-04,  5.87727E-04,  3.97301E-04,  1.61654E-04, -1.18210E-04, -4.37123E-04, -7.84102E-04, -1.14044E-03, -1.47765E-03, -1.75535E-03, -1.91951E-03, -1.90127E-03, -1.61694E-03, -9.69942E-04,  1.44578E-04,  1.83125E-03,  4.18110E-03,  7.25242E-03,  1.10459E-02,  1.54764E-02,  2.03467E-02,  2.53351E-02,  3.00108E-02,  3.38900E-02,  3.65308E-02,  3.76416E-02,  3.71567E-02,  3.52429E-02,  3.22364E-02,  2.85437E-02,  2.45517E-02,  2.05719E-02,  1.68214E-02,  1.34294E-02,  1.04563E-02,  7.91349E-03,  5.78208E-03,  4.02607E-03,  2.60182E-03,  1.46401E-03,  5.69210E-04, -1.22319E-04, -6.45770E-04, -1.03165E-03, -1.30598E-03, -1.49069E-03, -1.60408E-03, -1.66129E-03, -1.67480E-03, -1.65477E-03, -1.60948E-03, -1.54561E-03, -1.46852E-03, -1.38250E-03, -1.29093E-03, -1.19646E-03, -1.10116E-03, -1.00662E-03, -9.14020E-04, -8.24250E-04, -7.37936E-04, -6.55511E-04, -5.77246E-04, -5.03291E-04,
  2.83547E-04,  3.33988E-04,  3.87438E-04,  4.43861E-04,  5.03156E-04,  5.65151E-04,  6.29582E-04,  6.96070E-04,  7.64101E-04,  8.32993E-04,  9.01871E-04,  9.69633E-04,  1.03491E-03,  1.09604E-03,  1.15103E-03,  1.19754E-03,  1.23286E-03,  1.25396E-03,  1.25751E-03,  1.24002E-03,  1.19803E-03,  1.12838E-03,  1.02870E-03,  8.97988E-04,  7.37442E-04,  5.51556E-04,  3.49442E-04,  1.46424E-04, -3.41442E-05, -1.58939E-04, -1.82765E-04, -4.69433E-05,  3.21642E-04,  1.01031E-03,  2.11848E-03,  3.75279E-03,  6.01824E-03,  9.00431E-03,  1.27647E-02,  1.72906E-02,  2.24796E-02,  2.81053E-02,  3.38016E-02,  3.90772E-02,  4.33791E-02,  4.62029E-02,  4.72221E-02,  4.63784E-02,  4.38874E-02,  4.01591E-02,  3.56769E-02,  3.08907E-02,  2.61553E-02,  2.17117E-02,  1.76994E-02,  1.41792E-02,  1.11586E-02,  8.61207E-03,  6.49623E-03,  4.76038E-03,  3.35268E-03,  2.22389E-03,  1.32926E-03,  6.29274E-04,  8.97277E-05, -3.18554E-04, -6.20186E-04, -8.35763E-04, -9.82396E-04, -1.07423E-03, -1.12288E-03, -1.13787E-03, -1.12695E-03, -1.09642E-03, -1.05136E-03, -9.95860E-04, -9.33179E-04, -8.65916E-04, -7.96113E-04, -7.25369E-04, -6.54916E-04, -5.85692E-04, -5.18398E-04, -4.53543E-04, -3.91483E-04,
  4.26285E-04,  4.81758E-04,  5.40374E-04,  6.02096E-04,  6.66835E-04,  7.34431E-04,  8.04641E-04,  8.77119E-04,  9.51397E-04,  1.02686E-03,  1.10274E-03,  1.17805E-03,  1.25161E-03,  1.32200E-03,  1.38756E-03,  1.44635E-03,  1.49623E-03,  1.53488E-03,  1.55987E-03,  1.56883E-03,  1.55970E-03,  1.53103E-03,  1.48249E-03,  1.41548E-03,  1.33400E-03,  1.24567E-03,  1.16306E-03,  1.10515E-03,  1.09907E-03,  1.18182E-03,  1.40200E-03,  1.82117E-03,  2.51458E-03,  3.57070E-03,  5.08888E-03,  7.17434E-03,  9.92915E-03,  1.34381E-02,  1.77479E-02,  2.28400E-02,  2.85971E-02,  3.47715E-02,  4.09665E-02,  4.66508E-02,  5.12258E-02,  5.41468E-02,  5.50659E-02,  5.39321E-02,  5.09967E-02,  4.67216E-02,  4.16433E-02,  3.62553E-02,  3.09420E-02,  2.59617E-02,  2.14614E-02,  1.75036E-02,  1.40938E-02,  1.12029E-02,  8.78340E-03,  6.78010E-03,  5.13706E-03,  3.80126E-03,  2.72450E-03,  1.86424E-03,  1.18360E-03,  6.51045E-04,  2.39902E-04, -7.22247E-05, -3.04024E-04, -4.71016E-04, -5.86034E-04, -6.59653E-04, -7.00555E-04, -7.15846E-04, -7.11326E-04, -6.91707E-04, -6.60807E-04, -6.21705E-04, -5.76871E-04, -5.28280E-04, -4.77492E-04, -4.25738E-04, -3.73975E-04, -3.22936E-04, -2.73178E-04,
  5.63079E-04,  6.23265E-04,  6.86725E-04,  7.53434E-04,  8.23316E-04,  8.96233E-04,  9.71972E-04,  1.05023E-03,  1.13060E-03,  1.21256E-03,  1.29544E-03,  1.37842E-03,  1.46053E-03,  1.54060E-03,  1.61732E-03,  1.68921E-03,  1.75471E-03,  1.81219E-03,  1.86013E-03,  1.89727E-03,  1.92288E-03,  1.93713E-03,  1.94154E-03,  1.93969E-03,  1.93800E-03,  1.94675E-03,  1.98130E-03,  2.06345E-03,  2.22303E-03,  2.49940E-03,  2.94290E-03,  3.61601E-03,  4.59373E-03,  5.96288E-03,  7.81953E-03,  1.02639E-02,  1.33911E-02,  1.72774E-02,  2.19595E-02,  2.74074E-02,  3.34916E-02,  3.99515E-02,  4.63766E-02,  5.22220E-02,  5.68766E-02,  5.97870E-02,  6.06037E-02,  5.92828E-02,  5.60909E-02,  5.15095E-02,  4.60953E-02,  4.03594E-02,  3.46992E-02,  2.93826E-02,  2.45626E-02,  2.03052E-02,  1.66178E-02,  1.34718E-02,  1.08194E-02,  8.60460E-03,  6.77036E-03,  5.26227E-03,  4.03070E-03,  3.03162E-03,  2.22673E-03,  1.58311E-03,  1.07281E-03,  6.72226E-04,  3.61565E-04,  1.24304E-04, -5.33052E-05, -1.82663E-04, -2.73195E-04, -3.32675E-04, -3.67500E-04, -3.82917E-04, -3.83222E-04, -3.71920E-04, -3.51859E-04, -3.25351E-04, -2.94258E-04, -2.60077E-04, -2.24000E-04, -1.86973E-04, -1.49738E-04,
  6.93935E-04,  7.58525E-04,  8.26524E-04,  8.97920E-04,  9.72656E-04,  1.05062E-03,  1.13165E-03,  1.21548E-03,  1.30179E-03,  1.39014E-03,  1.47999E-03,  1.57071E-03,  1.66152E-03,  1.75155E-03,  1.83983E-03,  1.92536E-03,  2.00712E-03,  2.08420E-03,  2.15593E-03,  2.22208E-03,  2.28316E-03,  2.34076E-03,  2.39806E-03,  2.46047E-03,  2.53639E-03,  2.63818E-03,  2.78325E-03,  2.99532E-03,  3.30573E-03,  3.75478E-03,  4.39291E-03,  5.28147E-03,  6.49284E-03,  8.10943E-03,  1.02208E-02,  1.29186E-02,  1.62873E-02,  2.03907E-02,  2.52523E-02,  3.08294E-02,  3.69828E-02,  4.34475E-02,  4.98173E-02,  5.55614E-02,  6.00917E-02,  6.28801E-02,  6.35967E-02,  6.22042E-02,  5.89620E-02,  5.43368E-02,  4.88697E-02,  4.30611E-02,  3.73047E-02,  3.18695E-02,  2.69130E-02,  2.25070E-02,  1.86646E-02,  1.53621E-02,  1.25557E-02,  1.01924E-02,  8.21698E-03,  6.57639E-03,  5.22162E-03,  4.10885E-03,  3.19968E-03,  2.46089E-03,  1.86405E-03,  1.38505E-03,  1.00350E-03,  7.02286E-04,  4.67087E-04,  2.85936E-04,  1.48873E-04,  4.76232E-05, -2.46718E-05, -7.36871E-05, -1.04108E-04, -1.19795E-04, -1.23921E-04, -1.19088E-04, -1.07421E-04, -9.06541E-05, -7.01928E-05, -4.71732E-05, -2.25079E-05,
  8.18869E-04,  8.87566E-04,  9.59807E-04,  1.03560E-03,  1.11491E-03,  1.19766E-03,  1.28372E-03,  1.37291E-03,  1.46497E-03,  1.55958E-03,  1.65633E-03,  1.75476E-03,  1.85431E-03,  1.95441E-03,  2.05444E-03,  2.15383E-03,  2.25211E-03,  2.34902E-03,  2.44469E-03,  2.53982E-03,  2.63599E-03,  2.73602E-03,  2.84446E-03,  2.96816E-03,  3.11705E-03,  3.30494E-03,  3.55054E-03,  3.87850E-03,  4.32057E-03,  4.91666E-03,  5.71565E-03,  6.77595E-03,  8.16519E-03,  9.95891E-03,  1.22376E-02,  1.50811E-02,  1.85603E-02,  2.27237E-02,  2.75795E-02,  3.30722E-02,  3.90559E-02,  4.52703E-02,  5.13298E-02,  5.67422E-02,  6.09718E-02,  6.35443E-02,  6.41661E-02,  6.28059E-02,  5.96980E-02,  5.52646E-02,  5.00013E-02,  4.43734E-02,  3.87544E-02,  3.34066E-02,  2.84895E-02,  2.40820E-02,  2.02057E-02,  1.68456E-02,  1.39653E-02,  1.15181E-02,  9.45368E-03,  7.72252E-03,  6.27828E-03,  5.07897E-03,  4.08736E-03,  3.27098E-03,  2.60178E-03,  2.05577E-03,  1.61252E-03,  1.25477E-03,  9.67947E-04,  7.39794E-04,  5.60043E-04,  4.20100E-04,  3.12787E-04,  2.32120E-04,  1.73119E-04,  1.31645E-04,  1.04266E-04,  8.81396E-05,  8.09182E-05,  8.06667E-05,  8.57941E-05,  9.49966E-05,  1.07209E-04,
  9.37908E-04,  1.01042E-03,  1.08661E-03,  1.16651E-03,  1.25011E-03,  1.33738E-03,  1.42823E-03,  1.52254E-03,  1.62014E-03,  1.72083E-03,  1.82433E-03,  1.93034E-03,  2.03856E-03,  2.14866E-03,  2.26037E-03,  2.37354E-03,  2.48819E-03,  2.60467E-03,  2.72378E-03,  2.84704E-03,  2.97694E-03,  3.11728E-03,  3.27367E-03,  3.45405E-03,  3.66934E-03,  3.93422E-03,  4.26792E-03,  4.69520E-03,  5.24715E-03,  5.96207E-03,  6.88596E-03,  8.07272E-03,  9.58354E-03,  1.14853E-02,  1.38473E-02,  1.67361E-02,  2.02068E-02,  2.42915E-02,  2.89829E-02,  3.42141E-02,  3.98372E-02,  4.56047E-02,  5.11645E-02,  5.60802E-02,  5.98875E-02,  6.21821E-02,  6.27164E-02,  6.14643E-02,  5.86240E-02,  5.45560E-02,  4.96906E-02,  4.44407E-02,  3.91472E-02,  3.40576E-02,  2.93301E-02,  2.50498E-02,  2.12483E-02,  1.79211E-02,  1.50419E-02,  1.25725E-02,  1.04696E-02,  8.68913E-03,  7.18916E-03,  5.93083E-03,  4.87925E-03,  4.00360E-03,  3.27700E-03,  2.67618E-03,  2.18121E-03,  1.77505E-03,  1.44323E-03,  1.17348E-03,  9.55454E-04,  7.80406E-04,  6.40990E-04,  5.31034E-04,  4.45362E-04,  3.79638E-04,  3.30236E-04,  2.94130E-04,  2.68796E-04,  2.52133E-04,  2.42397E-04,  2.38140E-04,  2.38167E-04,
  1.05108E-03,  1.12713E-03,  1.20699E-03,  1.29071E-03,  1.37832E-03,  1.46982E-03,  1.56519E-03,  1.66436E-03,  1.76727E-03,  1.87379E-03,  1.98381E-03,  2.09719E-03,  2.21384E-03,  2.33369E-03,  2.45679E-03,  2.58336E-03,  2.71386E-03,  2.84915E-03,  2.99064E-03,  3.14049E-03,  3.30192E-03,  3.47948E-03,  3.67953E-03,  3.91070E-03,  4.18445E-03,  4.51574E-03,  4.92371E-03,  5.43240E-03,  6.07140E-03,  6.87641E-03,  7.88952E-03,  9.15898E-03,  1.07384E-02,  1.26849E-02,  1.50558E-02,  1.79034E-02,  2.12670E-02,  2.51628E-02,  2.95695E-02,  3.44123E-02,  3.95459E-02,  4.47429E-02,  4.96929E-02,  5.40238E-02,  5.73495E-02,  5.93398E-02,  5.97948E-02,  5.86930E-02,  5.61933E-02,  5.25896E-02,  4.82389E-02,  4.34933E-02,  3.86527E-02,  3.39437E-02,  2.95186E-02,  2.54667E-02,  2.18285E-02,  1.86106E-02,  1.57974E-02,  1.33605E-02,  1.12649E-02,  9.47358E-03,  7.94975E-03,  6.65887E-03,  5.56926E-03,  4.65253E-03,  3.88354E-03,  3.24037E-03,  2.70395E-03,  2.25788E-03,  1.88810E-03,  1.58256E-03,  1.33105E-03,  1.12485E-03,  9.56585E-04,  8.20021E-04,  7.09879E-04,  6.21710E-04,  5.51763E-04,  4.96881E-04,  4.54412E-04,  4.22127E-04,  3.98161E-04,  3.80951E-04,  3.69191E-04,
  1.15844E-03,  1.23774E-03,  1.32098E-03,  1.40823E-03,  1.49957E-03,  1.59501E-03,  1.69461E-03,  1.79836E-03,  1.90627E-03,  2.01834E-03,  2.13458E-03,  2.25501E-03,  2.37972E-03,  2.50891E-03,  2.64288E-03,  2.78218E-03,  2.92766E-03,  3.08062E-03,  3.24292E-03,  3.41726E-03,  3.60736E-03,  3.81830E-03,  4.05691E-03,  4.33213E-03,  4.65557E-03,  5.04196E-03,  5.50979E-03,  6.08176E-03,  6.78529E-03,  7.65278E-03,  8.72166E-03,  1.00340E-02,  1.16352E-02,  1.35723E-02,  1.58906E-02,  1.86285E-02,  2.18109E-02,  2.54400E-02,  2.94835E-02,  3.38628E-02,  3.84402E-02,  4.30130E-02,  4.73160E-02,  5.10418E-02,  5.38798E-02,  5.55692E-02,  5.59535E-02,  5.50152E-02,  5.28769E-02,  4.97691E-02,  4.59783E-02,  4.17947E-02,  3.74740E-02,  3.32172E-02,  2.91670E-02,  2.54130E-02,  2.20028E-02,  1.89527E-02,  1.62574E-02,  1.38985E-02,  1.18495E-02,  1.00809E-02,  8.56180E-03,  7.26261E-03,  6.15545E-03,  5.21486E-03,  4.41801E-03,  3.74463E-03,  3.17697E-03,  2.69954E-03,  2.29893E-03,  1.96359E-03,  1.68359E-03,  1.45041E-03,  1.25678E-03,  1.09651E-03,  9.64315E-04,  8.55709E-04,  7.66884E-04,  6.94607E-04,  6.36143E-04,  5.89178E-04,  5.51755E-04,  5.22224E-04,  4.99194E-04,
  1.26002E-03,  1.34229E-03,  1.42863E-03,  1.51913E-03,  1.61389E-03,  1.71298E-03,  1.81650E-03,  1.92451E-03,  2.03710E-03,  2.15436E-03,  2.27643E-03,  2.40348E-03,  2.53578E-03,  2.67371E-03,  2.81784E-03,  2.96898E-03,  3.12830E-03,  3.29742E-03,  3.47859E-03,  3.67485E-03,  3.89029E-03,  4.13029E-03,  4.40185E-03,  4.71396E-03,  5.07797E-03,  5.50803E-03,  6.02149E-03,  6.63928E-03,  7.38617E-03,  8.29085E-03,  9.38576E-03,  1.07064E-02,  1.22903E-02,  1.41746E-02,  1.63932E-02,  1.89723E-02,  2.19242E-02,  2.52400E-02,  2.88803E-02,  3.27665E-02,  3.67727E-02,  4.07229E-02,  4.43964E-02,  4.75455E-02,  4.99263E-02,  5.13376E-02,  5.16598E-02,  5.08784E-02,  4.90854E-02,  4.64571E-02,  4.32172E-02,  3.95988E-02,  3.58141E-02,  3.20369E-02,  2.83966E-02,  2.49801E-02,  2.18389E-02,  1.89967E-02,  1.64573E-02,  1.42111E-02,  1.22402E-02,  1.05220E-02,  9.03210E-03,  7.74582E-03,  6.63941E-03,  5.69070E-03,  4.87942E-03,  4.18733E-03,  3.59819E-03,  3.09769E-03,  2.67330E-03,  2.31411E-03,  2.01065E-03,  1.75475E-03,  1.53935E-03,  1.35840E-03,  1.20670E-03,  1.07981E-03,  9.73910E-04,  8.85753E-04,  8.12563E-04,  7.51978E-04,  7.01984E-04,  6.60870E-04,  6.27181E-04,
  1.35588E-03,  1.44085E-03,  1.52999E-03,  1.62344E-03,  1.72132E-03,  1.82375E-03,  1.93086E-03,  2.04278E-03,  2.15967E-03,  2.28172E-03,  2.40917E-03,  2.54233E-03,  2.68161E-03,  2.82756E-03,  2.98097E-03,  3.14285E-03,  3.31463E-03,  3.49817E-03,  3.69597E-03,  3.91131E-03,  4.14846E-03,  4.41290E-03,  4.71161E-03,  5.05332E-03,  5.44888E-03,  5.91151E-03,  6.45716E-03,  7.10466E-03,  7.87587E-03,  8.79560E-03,  9.89126E-03,  1.11921E-02,  1.27278E-02,  1.45267E-02,  1.66128E-02,  1.90018E-02,  2.16961E-02,  2.46787E-02,  2.79068E-02,  3.13053E-02,  3.47623E-02,  3.81285E-02,  4.12240E-02,  4.38529E-02,  4.58267E-02,  4.69929E-02,  4.72609E-02,  4.66191E-02,  4.51351E-02,  4.29413E-02,  4.02093E-02,  3.71227E-02,  3.38540E-02,  3.05500E-02,  2.73248E-02,  2.42598E-02,  2.14074E-02,  1.87962E-02,  1.64372E-02,  1.43281E-02,  1.24584E-02,  1.08123E-02,  9.37127E-03,  8.11558E-03,  7.02561E-03,  6.08259E-03,  5.26894E-03,  4.56861E-03,  3.96705E-03,  3.45130E-03,  3.00985E-03,  2.63257E-03,  2.31059E-03,  2.03618E-03,  1.80262E-03,  1.60406E-03,  1.43548E-03,  1.29252E-03,  1.17144E-03,  1.06900E-03,  9.82444E-04,  9.09389E-04,  8.47796E-04,  7.95918E-04,  7.52261E-04,
  1.44608E-03,  1.53347E-03,  1.62513E-03,  1.72124E-03,  1.82192E-03,  1.92735E-03,  2.03769E-03,  2.15315E-03,  2.27394E-03,  2.40032E-03,  2.53264E-03,  2.67131E-03,  2.81687E-03,  2.97002E-03,  3.13169E-03,  3.30307E-03,  3.48576E-03,  3.68178E-03,  3.89380E-03,  4.12520E-03,  4.38029E-03,  4.66449E-03,  4.98455E-03,  5.34878E-03,  5.76729E-03,  6.25217E-03,  6.81775E-03,  7.48063E-03,  8.25969E-03,  9.17588E-03,  1.02518E-02,  1.15108E-02,  1.29757E-02,  1.46671E-02,  1.66006E-02,  1.87835E-02,  2.12109E-02,  2.38610E-02,  2.66904E-02,  2.96298E-02,  3.25821E-02,  3.54232E-02,  3.80087E-02,  4.01856E-02,  4.18098E-02,  4.27664E-02,  4.29877E-02,  4.24641E-02,  4.12449E-02,  3.94283E-02,  3.71445E-02,  3.45361E-02,  3.17412E-02,  2.88813E-02,  2.60550E-02,  2.33361E-02,  2.07754E-02,  1.84042E-02,  1.62381E-02,  1.42809E-02,  1.25280E-02,  1.09697E-02,  9.59246E-03,  8.38136E-03,  7.32072E-03,  6.39502E-03,  5.58944E-03,  4.89012E-03,  4.28431E-03,  3.76046E-03,  3.30819E-03,  2.91826E-03,  2.58248E-03,  2.29365E-03,  2.04543E-03,  1.83231E-03,  1.64945E-03,  1.49267E-03,  1.35833E-03,  1.24327E-03,  1.14476E-03,  1.06044E-03,  9.88285E-04,  9.26524E-04,  8.73650E-04,
  1.53069E-03,  1.62021E-03,  1.71412E-03,  1.81256E-03,  1.91573E-03,  2.02382E-03,  2.13704E-03,  2.25562E-03,  2.37986E-03,  2.51009E-03,  2.64671E-03,  2.79023E-03,  2.94130E-03,  3.10073E-03,  3.26955E-03,  3.44909E-03,  3.64103E-03,  3.84751E-03,  4.07125E-03,  4.31564E-03,  4.58490E-03,  4.88427E-03,  5.22013E-03,  5.60020E-03,  6.03371E-03,  6.53153E-03,  7.10625E-03,  7.77222E-03,  8.54540E-03,  9.44311E-03,  1.04835E-02,  1.16847E-02,  1.30635E-02,  1.46341E-02,  1.64053E-02,  1.83782E-02,  2.05429E-02,  2.28754E-02,  2.53336E-02,  2.78558E-02,  3.03591E-02,  3.27420E-02,  3.48896E-02,  3.66835E-02,  3.80142E-02,  3.87955E-02,  3.89767E-02,  3.85500E-02,  3.75513E-02,  3.60529E-02,  3.41530E-02,  3.19613E-02,  2.95873E-02,  2.71300E-02,  2.46729E-02,  2.22814E-02,  2.00031E-02,  1.78697E-02,  1.58996E-02,  1.41008E-02,  1.24736E-02,  1.10130E-02,  9.71016E-03,  8.55412E-03,  7.53284E-03,  6.63391E-03,  5.84510E-03,  5.15471E-03,  4.55179E-03,  4.02621E-03,  3.56879E-03,  3.17120E-03,  2.82602E-03,  2.52662E-03,  2.26712E-03,  2.04236E-03,  1.84779E-03,  1.67941E-03,  1.53373E-03,  1.40771E-03,  1.29868E-03,  1.20435E-03,  1.12269E-03,  1.05197E-03,  9.90669E-04,
  1.60978E-03,  1.70117E-03,  1.79701E-03,  1.89750E-03,  2.00283E-03,  2.11322E-03,  2.22893E-03,  2.35022E-03,  2.47744E-03,  2.61098E-03,  2.75129E-03,  2.89897E-03,  3.05473E-03,  3.21946E-03,  3.39427E-03,  3.58055E-03,  3.78005E-03,  3.99493E-03,  4.22788E-03,  4.48223E-03,  4.76202E-03,  5.07220E-03,  5.41867E-03,  5.80849E-03,  6.24991E-03,  6.75251E-03,  7.32717E-03,  7.98604E-03,  8.74235E-03,  9.61010E-03,  1.06035E-02,  1.17361E-02,  1.30198E-02,  1.44635E-02,  1.60709E-02,  1.78388E-02,  1.97542E-02,  2.17926E-02,  2.39150E-02,  2.60673E-02,  2.81801E-02,  3.01711E-02,  3.19498E-02,  3.34245E-02,  3.45125E-02,  3.51490E-02,  3.52961E-02,  3.49474E-02,  3.41288E-02,  3.28939E-02,  3.13162E-02,  2.94800E-02,  2.74710E-02,  2.53696E-02,  2.32453E-02,  2.11547E-02,  1.91413E-02,  1.72355E-02,  1.54571E-02,  1.38169E-02,  1.23188E-02,  1.09612E-02,  9.73926E-03,  8.64547E-03,  7.67095E-03,  6.80607E-03,  6.04101E-03,  5.36611E-03,  4.77212E-03,  4.25036E-03,  3.79278E-03,  3.39204E-03,  3.04147E-03,  2.73506E-03,  2.46745E-03,  2.23384E-03,  2.02999E-03,  1.85216E-03,  1.69702E-03,  1.56168E-03,  1.44357E-03,  1.34047E-03,  1.25040E-03,  1.17166E-03,  1.10275E-03,
  1.68344E-03,  1.77642E-03,  1.87392E-03,  1.97613E-03,  2.08329E-03,  2.19563E-03,  2.31342E-03,  2.43700E-03,  2.56671E-03,  2.70300E-03,  2.84639E-03,  2.99749E-03,  3.15709E-03,  3.32610E-03,  3.50570E-03,  3.69731E-03,  3.90266E-03,  4.12390E-03,  4.36364E-03,  4.62506E-03,  4.91196E-03,  5.22891E-03,  5.58129E-03,  5.97542E-03,  6.41857E-03,  6.91902E-03,  7.48602E-03,  8.12966E-03,  8.86069E-03,  9.69014E-03,  1.06288E-02,  1.16865E-02,  1.28712E-02,  1.41875E-02,  1.56356E-02,  1.72092E-02,  1.88941E-02,  2.06664E-02,  2.24910E-02,  2.43213E-02,  2.61000E-02,  2.77606E-02,  2.92320E-02,  3.04437E-02,  3.13329E-02,  3.18508E-02,  3.19689E-02,  3.16822E-02,  3.10093E-02,  2.99898E-02,  2.86791E-02,  2.71415E-02,  2.54443E-02,  2.36518E-02,  2.18214E-02,  2.00016E-02,  1.82307E-02,  1.65375E-02,  1.49416E-02,  1.34555E-02,  1.20852E-02,  1.08321E-02,  9.69428E-03,  8.66708E-03,  7.74430E-03,  6.91877E-03,  6.18281E-03,  5.52862E-03,  4.94855E-03,  4.43526E-03,  3.98186E-03,  3.58192E-03,  3.22955E-03,  2.91937E-03,  2.64654E-03,  2.40667E-03,  2.19586E-03,  2.01061E-03,  1.84783E-03,  1.70476E-03,  1.57897E-03,  1.46832E-03,  1.37092E-03,  1.28511E-03,  1.20942E-03,
  1.75176E-03,  1.84606E-03,  1.94492E-03,  2.04856E-03,  2.15720E-03,  2.27112E-03,  2.39062E-03,  2.51602E-03,  2.64773E-03,  2.78622E-03,  2.93203E-03,  3.08582E-03,  3.24838E-03,  3.42068E-03,  3.60388E-03,  3.79940E-03,  4.00895E-03,  4.23460E-03,  4.47883E-03,  4.74461E-03,  5.03547E-03,  5.35555E-03,  5.70968E-03,  6.10342E-03,  6.54306E-03,  7.03567E-03,  7.58894E-03,  8.21111E-03,  8.91073E-03,  9.69628E-03,  1.05757E-02,  1.15558E-02,  1.26412E-02,  1.38337E-02,  1.51308E-02,  1.65246E-02,  1.80005E-02,  1.95361E-02,  2.11005E-02,  2.26542E-02,  2.41498E-02,  2.55344E-02,  2.67520E-02,  2.77483E-02,  2.84755E-02,  2.88967E-02,  2.89904E-02,  2.87526E-02,  2.81967E-02,  2.73523E-02,  2.62610E-02,  2.49720E-02,  2.35380E-02,  2.20103E-02,  2.04359E-02,  1.88558E-02,  1.73033E-02,  1.58047E-02,  1.43790E-02,  1.30389E-02,  1.17921E-02,  1.06420E-02,  9.58882E-03,  8.63015E-03,  7.76206E-03,  6.97941E-03,  6.27639E-03,  5.64689E-03,  5.08469E-03,  4.58371E-03,  4.13811E-03,  3.74237E-03,  3.39134E-03,  3.08028E-03,  2.80485E-03,  2.56109E-03,  2.34544E-03,  2.15470E-03,  1.98597E-03,  1.83670E-03,  1.70458E-03,  1.58759E-03,  1.48392E-03,  1.39197E-03,  1.31033E-03,
  1.81484E-03,  1.91020E-03,  2.01014E-03,  2.11489E-03,  2.22469E-03,  2.33983E-03,  2.46062E-03,  2.58741E-03,  2.72062E-03,  2.86074E-03,  3.00832E-03,  3.16405E-03,  3.32873E-03,  3.50332E-03,  3.68897E-03,  3.88706E-03,  4.09923E-03,  4.32744E-03,  4.57402E-03,  4.84170E-03,  5.13369E-03,  5.45370E-03,  5.80597E-03,  6.19534E-03,  6.62718E-03,  7.10739E-03,  7.64228E-03,  8.23844E-03,  8.90251E-03,  9.64084E-03,  1.04590E-02,  1.13614E-02,  1.23503E-02,  1.34253E-02,  1.45821E-02,  1.58122E-02,  1.71013E-02,  1.84290E-02,  1.97685E-02,  2.10865E-02,  2.23443E-02,  2.34996E-02,  2.45084E-02,  2.53289E-02,  2.59243E-02,  2.62669E-02,  2.63402E-02,  2.61408E-02,  2.56789E-02,  2.49762E-02,  2.40643E-02,  2.29812E-02,  2.17678E-02,  2.04651E-02,  1.91114E-02,  1.77410E-02,  1.63826E-02,  1.50597E-02,  1.37899E-02,  1.25860E-02,  1.14562E-02,  1.04054E-02,  9.43522E-03,  8.54513E-03,  7.73293E-03,  6.99518E-03,  6.32767E-03,  5.72571E-03,  5.18438E-03,  4.69874E-03,  4.26390E-03,  3.87520E-03,  3.52821E-03,  3.21878E-03,  2.94307E-03,  2.69756E-03,  2.47902E-03,  2.28454E-03,  2.11147E-03,  1.95742E-03,  1.82026E-03,  1.69808E-03,  1.58916E-03,  1.49198E-03,  1.40520E-03,
  1.87281E-03,  1.96896E-03,  2.06969E-03,  2.17525E-03,  2.28588E-03,  2.40188E-03,  2.52356E-03,  2.65130E-03,  2.78552E-03,  2.92671E-03,  3.07544E-03,  3.23239E-03,  3.39835E-03,  3.57427E-03,  3.76126E-03,  3.96064E-03,  4.17395E-03,  4.40304E-03,  4.65003E-03,  4.91741E-03,  5.20805E-03,  5.52522E-03,  5.87261E-03,  6.25435E-03,  6.67495E-03,  7.13926E-03,  7.65236E-03,  8.21943E-03,  8.84548E-03,  9.53508E-03,  1.02920E-02,  1.11186E-02,  1.20156E-02,  1.29809E-02,  1.40095E-02,  1.50925E-02,  1.62164E-02,  1.73631E-02,  1.85096E-02,  1.96280E-02,  2.06869E-02,  2.16524E-02,  2.24899E-02,  2.31669E-02,  2.36554E-02,  2.39339E-02,  2.39901E-02,  2.38212E-02,  2.34345E-02,  2.28465E-02,  2.20813E-02,  2.11681E-02,  2.01388E-02,  1.90262E-02,  1.78615E-02,  1.66730E-02,  1.54855E-02,  1.43193E-02,  1.31908E-02,  1.21120E-02,  1.10914E-02,  1.01346E-02,  9.24440E-03,  8.42147E-03,  7.66499E-03,  6.97291E-03,  6.34233E-03,  5.76979E-03,  5.25150E-03,  4.78348E-03,  4.36176E-03,  3.98243E-03,  3.64173E-03,  3.33607E-03,  3.06212E-03,  2.81674E-03,  2.59706E-03,  2.40044E-03,  2.22448E-03,  2.06699E-03,  1.92599E-03,  1.79970E-03,  1.68651E-03,  1.58499E-03,  1.49384E-03,
  1.92577E-03,  2.02246E-03,  2.12372E-03,  2.22979E-03,  2.34093E-03,  2.45743E-03,  2.57962E-03,  2.70788E-03,  2.84262E-03,  2.98434E-03,  3.13360E-03,  3.29108E-03,  3.45753E-03,  3.63388E-03,  3.82117E-03,  4.02065E-03,  4.23377E-03,  4.46220E-03,  4.70788E-03,  4.97303E-03,  5.26019E-03,  5.57220E-03,  5.91221E-03,  6.28371E-03,  6.69043E-03,  7.13627E-03,  7.62527E-03,  8.16137E-03,  8.74825E-03,  9.38906E-03,  1.00861E-02,  1.08403E-02,  1.16511E-02,  1.25156E-02,  1.34282E-02,  1.43801E-02,  1.53592E-02,  1.63495E-02,  1.73312E-02,  1.82813E-02,  1.91742E-02,  1.99826E-02,  2.06796E-02,  2.12396E-02,  2.16411E-02,  2.18676E-02,  2.19095E-02,  2.17647E-02,  2.14385E-02,  2.09436E-02,  2.02982E-02,  1.95250E-02,  1.86492E-02,  1.76967E-02,  1.66930E-02,  1.56615E-02,  1.46232E-02,  1.35959E-02,  1.25940E-02,  1.16290E-02,  1.07091E-02,  9.84021E-03,  9.02579E-03,  8.26751E-03,  7.56554E-03,  6.91891E-03,  6.32577E-03,  5.78370E-03,  5.28984E-03,  4.84110E-03,  4.43428E-03,  4.06616E-03,  3.73359E-03,  3.43351E-03,  3.16304E-03,  2.91944E-03,  2.70016E-03,  2.50284E-03,  2.32532E-03,  2.16560E-03,  2.02188E-03,  1.89249E-03,  1.77595E-03,  1.67091E-03,  1.57616E-03,
  1.97387E-03,  2.07085E-03,  2.17237E-03,  2.27867E-03,  2.39000E-03,  2.50667E-03,  2.62899E-03,  2.75735E-03,  2.89215E-03,  3.03388E-03,  3.18309E-03,  3.34043E-03,  3.50663E-03,  3.68256E-03,  3.86921E-03,  4.06772E-03,  4.27942E-03,  4.50584E-03,  4.74871E-03,  5.00998E-03,  5.29187E-03,  5.59680E-03,  5.92746E-03,  6.28672E-03,  6.67760E-03,  7.10323E-03,  7.56671E-03,  8.07096E-03,  8.61858E-03,  9.21158E-03,  9.85113E-03,  1.05372E-02,  1.12683E-02,  1.20409E-02,  1.28495E-02,  1.36857E-02,  1.45385E-02,  1.53940E-02,  1.62355E-02,  1.70439E-02,  1.77984E-02,  1.84771E-02,  1.90586E-02,  1.95231E-02,  1.98537E-02,  2.00378E-02,  2.00679E-02,  1.99423E-02,  1.96650E-02,  1.92457E-02,  1.86984E-02,  1.80408E-02,  1.72927E-02,  1.64749E-02,  1.56080E-02,  1.47115E-02,  1.38030E-02,  1.28977E-02,  1.20087E-02,  1.11462E-02,  1.03183E-02,  9.53073E-03,  8.78737E-03,  8.09051E-03,  7.44106E-03,  6.83888E-03,  6.28296E-03,  5.77171E-03,  5.30306E-03,  4.87468E-03,  4.48404E-03,  4.12854E-03,  3.80556E-03,  3.51253E-03,  3.24699E-03,  3.00657E-03,  2.78903E-03,  2.59228E-03,  2.41439E-03,  2.25355E-03,  2.10811E-03,  1.97657E-03,  1.85754E-03,  1.74977E-03,  1.65212E-03,
  2.01725E-03,  2.11428E-03,  2.21580E-03,  2.32205E-03,  2.43328E-03,  2.54979E-03,  2.67188E-03,  2.79994E-03,  2.93436E-03,  3.07561E-03,  3.22423E-03,  3.38082E-03,  3.54608E-03,  3.72082E-03,  3.90595E-03,  4.10253E-03,  4.31176E-03,  4.53499E-03,  4.77376E-03,  5.02977E-03,  5.30492E-03,  5.60127E-03,  5.92103E-03,  6.26657E-03,  6.64029E-03,  7.04462E-03,  7.48189E-03,  7.95420E-03,  8.46326E-03,  9.01021E-03,  9.59536E-03,  1.02180E-02,  1.08760E-02,  1.15658E-02,  1.22817E-02,  1.30161E-02,  1.37593E-02,  1.44991E-02,  1.52215E-02,  1.59107E-02,  1.65497E-02,  1.71210E-02,  1.76076E-02,  1.79939E-02,  1.82667E-02,  1.84162E-02,  1.84365E-02,  1.83264E-02,  1.80888E-02,  1.77312E-02,  1.72645E-02,  1.67024E-02,  1.60608E-02,  1.53563E-02,  1.46056E-02,  1.38247E-02,  1.30286E-02,  1.22304E-02,  1.14413E-02,  1.06708E-02,  9.92617E-03,  9.21316E-03,  8.53578E-03,  7.89665E-03,  7.29720E-03,  6.73789E-03,  6.21840E-03,  5.73776E-03,  5.29460E-03,  4.88718E-03,  4.51357E-03,  4.17169E-03,  3.85942E-03,  3.57462E-03,  3.31520E-03,  3.07914E-03,  2.86448E-03,  2.66941E-03,  2.49218E-03,  2.33121E-03,  2.18498E-03,  2.05214E-03,  1.93141E-03,  1.82164E-03,  1.72176E-03,
  2.05606E-03,  2.15291E-03,  2.25419E-03,  2.36013E-03,  2.47097E-03,  2.58700E-03,  2.70854E-03,  2.83592E-03,  2.96955E-03,  3.10986E-03,  3.25738E-03,  3.41265E-03,  3.57635E-03,  3.74921E-03,  3.93206E-03,  4.12586E-03,  4.33169E-03,  4.55073E-03,  4.78433E-03,  5.03395E-03,  5.30119E-03,  5.58778E-03,  5.89553E-03,  6.22633E-03,  6.58206E-03,  6.96457E-03,  7.37554E-03,  7.81640E-03,  8.28818E-03,  8.79133E-03,  9.32558E-03,  9.88968E-03,  1.04813E-02,  1.10966E-02,  1.17304E-02,  1.23757E-02,  1.30239E-02,  1.36646E-02,  1.42859E-02,  1.48748E-02,  1.54175E-02,  1.58998E-02,  1.63081E-02,  1.66302E-02,  1.68557E-02,  1.69769E-02,  1.69893E-02,  1.68917E-02,  1.66865E-02,  1.63795E-02,  1.59791E-02,  1.54964E-02,  1.49437E-02,  1.43345E-02,  1.36824E-02,  1.30007E-02,  1.23018E-02,  1.15970E-02,  1.08962E-02,  1.02076E-02,  9.53809E-03,  8.89303E-03,  8.27643E-03,  7.69109E-03,  7.13879E-03,  6.62041E-03,  6.13610E-03,  5.68547E-03,  5.26763E-03,  4.88137E-03,  4.52526E-03,  4.19768E-03,  3.89693E-03,  3.62126E-03,  3.36891E-03,  3.13817E-03,  2.92736E-03,  2.73490E-03,  2.55926E-03,  2.39902E-03,  2.25283E-03,  2.11946E-03,  1.99775E-03,  1.88664E-03,  1.78516E-03,
  2.09045E-03,  2.18692E-03,  2.28773E-03,  2.39310E-03,  2.50329E-03,  2.61855E-03,  2.73920E-03,  2.86557E-03,  2.99802E-03,  3.13698E-03,  3.28293E-03,  3.43639E-03,  3.59796E-03,  3.76831E-03,  3.94822E-03,  4.13851E-03,  4.34015E-03,  4.55417E-03,  4.78172E-03,  5.02405E-03,  5.28249E-03,  5.55846E-03,  5.85343E-03,  6.16886E-03,  6.50621E-03,  6.86682E-03,  7.25185E-03,  7.66220E-03,  8.09836E-03,  8.56030E-03,  9.04730E-03,  9.55782E-03,  1.00893E-02,  1.06382E-02,  1.11994E-02,  1.17669E-02,  1.23329E-02,  1.28887E-02,  1.34243E-02,  1.39288E-02,  1.43909E-02,  1.47992E-02,  1.51429E-02,  1.54122E-02,  1.55989E-02,  1.56970E-02,  1.57028E-02,  1.56155E-02,  1.54370E-02,  1.51716E-02,  1.48262E-02,  1.44094E-02,  1.39311E-02,  1.34023E-02,  1.28340E-02,  1.22372E-02,  1.16224E-02,  1.09991E-02,  1.03759E-02,  9.76017E-03,  9.15808E-03,  8.57462E-03,  8.01369E-03,  7.47814E-03,  6.96993E-03,  6.49025E-03,  6.03962E-03,  5.61803E-03,  5.22502E-03,  4.85982E-03,  4.52138E-03,  4.20849E-03,  3.91980E-03,  3.65391E-03,  3.40936E-03,  3.18472E-03,  2.97856E-03,  2.78951E-03,  2.61623E-03,  2.45748E-03,  2.31205E-03,  2.17884E-03,  2.05681E-03,  1.94498E-03,  1.84245E-03,
  2.12059E-03,  2.21647E-03,  2.31659E-03,  2.42118E-03,  2.53045E-03,  2.64468E-03,  2.76415E-03,  2.88918E-03,  3.02011E-03,  3.15734E-03,  3.30130E-03,  3.45248E-03,  3.61144E-03,  3.77876E-03,  3.95514E-03,  4.14131E-03,  4.33811E-03,  4.54643E-03,  4.76724E-03,  5.00159E-03,  5.25058E-03,  5.51535E-03,  5.79705E-03,  6.09682E-03,  6.41572E-03,  6.75469E-03,  7.11449E-03,  7.49559E-03,  7.89806E-03,  8.32152E-03,  8.76497E-03,  9.22669E-03,  9.70412E-03,  1.01938E-02,  1.06912E-02,  1.11907E-02,  1.16858E-02,  1.21688E-02,  1.26315E-02,  1.30648E-02,  1.34594E-02,  1.38062E-02,  1.40963E-02,  1.43220E-02,  1.44768E-02,  1.45559E-02,  1.45565E-02,  1.44778E-02,  1.43213E-02,  1.40905E-02,  1.37908E-02,  1.34290E-02,  1.30133E-02,  1.25524E-02,  1.20554E-02,  1.15314E-02,  1.09892E-02,  1.04369E-02,  9.88193E-03,  9.33078E-03,  8.78900E-03,  8.26118E-03,  7.75099E-03,  7.26126E-03,  6.79405E-03,  6.35071E-03,  5.93203E-03,  5.53830E-03,  5.16939E-03,  4.82487E-03,  4.50402E-03,  4.20596E-03,  3.92965E-03,  3.67398E-03,  3.43778E-03,  3.21984E-03,  3.01896E-03,  2.83397E-03,  2.66372E-03,  2.50711E-03,  2.36308E-03,  2.23065E-03,  2.10886E-03,  1.99686E-03,  1.89381E-03,
  2.14666E-03,  2.24176E-03,  2.34099E-03,  2.44457E-03,  2.55271E-03,  2.66565E-03,  2.78368E-03,  2.90707E-03,  3.03617E-03,  3.17132E-03,  3.31293E-03,  3.46144E-03,  3.61735E-03,  3.78118E-03,  3.95355E-03,  4.13509E-03,  4.32652E-03,  4.52860E-03,  4.74215E-03,  4.96803E-03,  5.20712E-03,  5.46033E-03,  5.72854E-03,  6.01260E-03,  6.31326E-03,  6.63114E-03,  6.96666E-03,  7.31995E-03,  7.69080E-03,  8.07858E-03,  8.48210E-03,  8.89957E-03,  9.32849E-03,  9.76559E-03,  1.02068E-02,  1.06471E-02,  1.10809E-02,  1.15017E-02,  1.19023E-02,  1.22755E-02,  1.26135E-02,  1.29088E-02,  1.31544E-02,  1.33441E-02,  1.34726E-02,  1.35361E-02,  1.35323E-02,  1.34608E-02,  1.33227E-02,  1.31207E-02,  1.28592E-02,  1.25437E-02,  1.21807E-02,  1.17773E-02,  1.13411E-02,  1.08796E-02,  1.04002E-02,  9.90977E-03,  9.41473E-03,  8.92077E-03,  8.43282E-03,  7.95509E-03,  7.49099E-03,  7.04326E-03,  6.61395E-03,  6.20454E-03,  5.81598E-03,  5.44877E-03,  5.10305E-03,  4.77863E-03,  4.47509E-03,  4.19180E-03,  3.92801E-03,  3.68284E-03,  3.45535E-03,  3.24455E-03,  3.04946E-03,  2.86906E-03,  2.70238E-03,  2.54846E-03,  2.40638E-03,  2.27525E-03,  2.15423E-03,  2.04255E-03,  1.93945E-03,
  2.16883E-03,  2.26297E-03,  2.36113E-03,  2.46350E-03,  2.57029E-03,  2.68173E-03,  2.79806E-03,  2.91957E-03,  3.04654E-03,  3.17932E-03,  3.31826E-03,  3.46376E-03,  3.61625E-03,  3.77622E-03,  3.94417E-03,  4.12067E-03,  4.30633E-03,  4.50177E-03,  4.70768E-03,  4.92474E-03,  5.15367E-03,  5.39516E-03,  5.64986E-03,  5.91838E-03,  6.20123E-03,  6.49874E-03,  6.81108E-03,  7.13815E-03,  7.47952E-03,  7.83438E-03,  8.20145E-03,  8.57893E-03,  8.96443E-03,  9.35492E-03,  9.74673E-03,  1.01355E-02,  1.05163E-02,  1.08836E-02,  1.12315E-02,  1.15537E-02,  1.18440E-02,  1.20963E-02,  1.23048E-02,  1.24645E-02,  1.25713E-02,  1.26220E-02,  1.26148E-02,  1.25495E-02,  1.24268E-02,  1.22490E-02,  1.20196E-02,  1.17430E-02,  1.14246E-02,  1.10701E-02,  1.06859E-02,  1.02781E-02,  9.85306E-03,  9.41656E-03,  8.97413E-03,  8.53074E-03,  8.09079E-03,  7.65806E-03,  7.23571E-03,  6.82633E-03,  6.43194E-03,  6.05405E-03,  5.69372E-03,  5.35161E-03,  5.02802E-03,  4.72300E-03,  4.43633E-03,  4.16761E-03,  3.91630E-03,  3.68174E-03,  3.46319E-03,  3.25985E-03,  3.07092E-03,  2.89553E-03,  2.73287E-03,  2.58209E-03,  2.44241E-03,  2.31305E-03,  2.19325E-03,  2.08232E-03,  1.97960E-03,
  2.18727E-03,  2.28030E-03,  2.37722E-03,  2.47821E-03,  2.58345E-03,  2.69318E-03,  2.80761E-03,  2.92699E-03,  3.05161E-03,  3.18175E-03,  3.31774E-03,  3.45994E-03,  3.60872E-03,  3.76450E-03,  3.92772E-03,  4.09887E-03,  4.27844E-03,  4.46696E-03,  4.66497E-03,  4.87303E-03,  5.09168E-03,  5.32144E-03,  5.56278E-03,  5.81610E-03,  6.08170E-03,  6.35971E-03,  6.65010E-03,  6.95258E-03,  7.26658E-03,  7.59119E-03,  7.92510E-03,  8.26653E-03,  8.61323E-03,  8.96245E-03,  9.31089E-03,  9.65474E-03,  9.98970E-03,  1.03111E-02,  1.06139E-02,  1.08929E-02,  1.11430E-02,  1.13591E-02,  1.15366E-02,  1.16714E-02,  1.17601E-02,  1.18003E-02,  1.17905E-02,  1.17304E-02,  1.16207E-02,  1.14633E-02,  1.12610E-02,  1.10174E-02,  1.07369E-02,  1.04242E-02,  1.00845E-02,  9.72311E-03,  9.34515E-03,  8.95570E-03,  8.55947E-03,  8.16081E-03,  7.76360E-03,  7.37124E-03,  6.98663E-03,  6.61219E-03,  6.24986E-03,  5.90115E-03,  5.56717E-03,  5.24867E-03,  4.94610E-03,  4.65966E-03,  4.38931E-03,  4.13482E-03,  3.89583E-03,  3.67187E-03,  3.46237E-03,  3.26669E-03,  3.08417E-03,  2.91411E-03,  2.75581E-03,  2.60856E-03,  2.47167E-03,  2.34446E-03,  2.22627E-03,  2.11648E-03,  2.01449E-03,
  2.20218E-03,  2.29395E-03,  2.38947E-03,  2.48891E-03,  2.59245E-03,  2.70028E-03,  2.81261E-03,  2.92968E-03,  3.05172E-03,  3.17900E-03,  3.31182E-03,  3.45047E-03,  3.59529E-03,  3.74664E-03,  3.90490E-03,  4.07045E-03,  4.24372E-03,  4.42513E-03,  4.61512E-03,  4.81410E-03,  5.02248E-03,  5.24064E-03,  5.46889E-03,  5.70746E-03,  5.95649E-03,  6.21595E-03,  6.48566E-03,  6.76521E-03,  7.05392E-03,  7.35083E-03,  7.65463E-03,  7.96361E-03,  8.27571E-03,  8.58839E-03,  8.89873E-03,  9.20339E-03,  9.49866E-03,  9.78053E-03,  1.00448E-02,  1.02871E-02,  1.05031E-02,  1.06888E-02,  1.08403E-02,  1.09542E-02,  1.10279E-02,  1.10594E-02,  1.10476E-02,  1.09921E-02,  1.08935E-02,  1.07535E-02,  1.05742E-02,  1.03587E-02,  1.01105E-02,  9.83353E-03,  9.53216E-03,  9.21076E-03,  8.87374E-03,  8.52538E-03,  8.16976E-03,  7.81067E-03,  7.45152E-03,  7.09535E-03,  6.74482E-03,  6.40215E-03,  6.06918E-03,  5.74739E-03,  5.43790E-03,  5.14153E-03,  4.85883E-03,  4.59009E-03,  4.33541E-03,  4.09473E-03,  3.86781E-03,  3.65433E-03,  3.45388E-03,  3.26595E-03,  3.09002E-03,  2.92552E-03,  2.77185E-03,  2.62842E-03,  2.49463E-03,  2.36990E-03,  2.25365E-03,  2.14533E-03,  2.04441E-03,
  2.21372E-03,  2.30411E-03,  2.39810E-03,  2.49585E-03,  2.59752E-03,  2.70331E-03,  2.81338E-03,  2.92795E-03,  3.04724E-03,  3.17149E-03,  3.30093E-03,  3.43585E-03,  3.57653E-03,  3.72326E-03,  3.87636E-03,  4.03617E-03,  4.20300E-03,  4.37721E-03,  4.55912E-03,  4.74904E-03,  4.94727E-03,  5.15406E-03,  5.36959E-03,  5.59396E-03,  5.82718E-03,  6.06910E-03,  6.31943E-03,  6.57766E-03,  6.84307E-03,  7.11467E-03,  7.39119E-03,  7.67102E-03,  7.95224E-03,  8.23259E-03,  8.50944E-03,  8.77989E-03,  9.04074E-03,  9.28856E-03,  9.51977E-03,  9.73076E-03,  9.91793E-03,  1.00779E-02,  1.02075E-02,  1.03040E-02,  1.03652E-02,  1.03896E-02,  1.03761E-02,  1.03247E-02,  1.02357E-02,  1.01104E-02,  9.95082E-03,  9.75928E-03,  9.53874E-03,  9.29253E-03,  9.02422E-03,  8.73750E-03,  8.43611E-03,  8.12372E-03,  7.80384E-03,  7.47977E-03,  7.15451E-03,  6.83079E-03,  6.51098E-03,  6.19716E-03,  5.89103E-03,  5.59402E-03,  5.30725E-03,  5.03155E-03,  4.76753E-03,  4.51557E-03,  4.27589E-03,  4.04850E-03,  3.83332E-03,  3.63013E-03,  3.43864E-03,  3.25848E-03,  3.08923E-03,  2.93042E-03,  2.78158E-03,  2.64220E-03,  2.51177E-03,  2.38979E-03,  2.27576E-03,  2.16919E-03,  2.06961E-03,
  2.22210E-03,  2.31098E-03,  2.40332E-03,  2.49925E-03,  2.59894E-03,  2.70253E-03,  2.81021E-03,  2.92214E-03,  3.03854E-03,  3.15959E-03,  3.28552E-03,  3.41656E-03,  3.55294E-03,  3.69492E-03,  3.84276E-03,  3.99672E-03,  4.15705E-03,  4.32403E-03,  4.49790E-03,  4.67887E-03,  4.86715E-03,  5.06288E-03,  5.26613E-03,  5.47691E-03,  5.69512E-03,  5.92052E-03,  6.15274E-03,  6.39123E-03,  6.63523E-03,  6.88376E-03,  7.13559E-03,  7.38924E-03,  7.64294E-03,  7.89465E-03,  8.14206E-03,  8.38262E-03,  8.61356E-03,  8.83196E-03,  9.03479E-03,  9.21900E-03,  9.38160E-03,  9.51976E-03,  9.63091E-03,  9.71279E-03,  9.76362E-03,  9.78210E-03,  9.76747E-03,  9.71958E-03,  9.63887E-03,  9.52636E-03,  9.38361E-03,  9.21265E-03,  9.01594E-03,  8.79623E-03,  8.55652E-03,  8.29994E-03,  8.02966E-03,  7.74881E-03,  7.46042E-03,  7.16737E-03,  6.87232E-03,  6.57766E-03,  6.28557E-03,  5.99791E-03,  5.71629E-03,  5.44205E-03,  5.17628E-03,  4.91983E-03,  4.67333E-03,  4.43724E-03,  4.21181E-03,  3.99718E-03,  3.79334E-03,  3.60018E-03,  3.41751E-03,  3.24506E-03,  3.08250E-03,  2.92948E-03,  2.78559E-03,  2.65042E-03,  2.52355E-03,  2.40453E-03,  2.29295E-03,  2.18837E-03,  2.09038E-03,
  2.22748E-03,  2.31476E-03,  2.40533E-03,  2.49935E-03,  2.59693E-03,  2.69823E-03,  2.80339E-03,  2.91257E-03,  3.02595E-03,  3.14369E-03,  3.26599E-03,  3.39304E-03,  3.52503E-03,  3.66218E-03,  3.80469E-03,  3.95276E-03,  4.10659E-03,  4.26639E-03,  4.43231E-03,  4.60451E-03,  4.78309E-03,  4.96812E-03,  5.15959E-03,  5.35743E-03,  5.56144E-03,  5.77135E-03,  5.98672E-03,  6.20696E-03,  6.43132E-03,  6.65884E-03,  6.88837E-03,  7.11851E-03,  7.34767E-03,  7.57401E-03,  7.79550E-03,  8.00990E-03,  8.21483E-03,  8.40777E-03,  8.58616E-03,  8.74742E-03,  8.88905E-03,  9.00871E-03,  9.10424E-03,  9.17381E-03,  9.21595E-03,  9.22959E-03,  9.21413E-03,  9.16945E-03,  9.09593E-03,  8.99442E-03,  8.86622E-03,  8.71303E-03,  8.53690E-03,  8.34014E-03,  8.12528E-03,  7.89496E-03,  7.65188E-03,  7.39874E-03,  7.13816E-03,  6.87264E-03,  6.60451E-03,  6.33592E-03,  6.06880E-03,  5.80486E-03,  5.54559E-03,  5.29225E-03,  5.04588E-03,  4.80732E-03,  4.57721E-03,  4.35604E-03,  4.14413E-03,  3.94168E-03,  3.74875E-03,  3.56531E-03,  3.39125E-03,  3.22640E-03,  3.07050E-03,  2.92328E-03,  2.78442E-03,  2.65358E-03,  2.53041E-03,  2.41453E-03,  2.30558E-03,  2.20319E-03,  2.10699E-03,
  2.23005E-03,  2.31563E-03,  2.40436E-03,  2.49636E-03,  2.59175E-03,  2.69065E-03,  2.79320E-03,  2.89954E-03,  3.00981E-03,  3.12416E-03,  3.24275E-03,  3.36574E-03,  3.49328E-03,  3.62555E-03,  3.76271E-03,  3.90490E-03,  4.05228E-03,  4.20499E-03,  4.36312E-03,  4.52676E-03,  4.69596E-03,  4.87070E-03,  5.05092E-03,  5.23648E-03,  5.42713E-03,  5.62255E-03,  5.82226E-03,  6.02568E-03,  6.23206E-03,  6.44048E-03,  6.64984E-03,  6.85889E-03,  7.06615E-03,  7.27001E-03,  7.46865E-03,  7.66013E-03,  7.84237E-03,  8.01323E-03,  8.17052E-03,  8.31207E-03,  8.43576E-03,  8.53965E-03,  8.62194E-03,  8.68113E-03,  8.71599E-03,  8.72565E-03,  8.70964E-03,  8.66786E-03,  8.60063E-03,  8.50869E-03,  8.39310E-03,  8.25532E-03,  8.09704E-03,  7.92023E-03,  7.72702E-03,  7.51965E-03,  7.30044E-03,  7.07171E-03,  6.83572E-03,  6.59464E-03,  6.35055E-03,  6.10534E-03,  5.86074E-03,  5.61832E-03,  5.37942E-03,  5.14524E-03,  4.91675E-03,  4.69478E-03,  4.47997E-03,  4.27282E-03,  4.07369E-03,  3.88281E-03,  3.70033E-03,  3.52627E-03,  3.36058E-03,  3.20316E-03,  3.05384E-03,  2.91240E-03,  2.77860E-03,  2.65216E-03,  2.53278E-03,  2.42017E-03,  2.31400E-03,  2.21395E-03,  2.11971E-03,
  2.23000E-03,  2.31380E-03,  2.40061E-03,  2.49052E-03,  2.58364E-03,  2.68007E-03,  2.77994E-03,  2.88336E-03,  2.99046E-03,  3.10135E-03,  3.21618E-03,  3.33507E-03,  3.45814E-03,  3.58553E-03,  3.71735E-03,  3.85372E-03,  3.99474E-03,  4.14048E-03,  4.29102E-03,  4.44637E-03,  4.60652E-03,  4.77142E-03,  4.94093E-03,  5.11488E-03,  5.29299E-03,  5.47489E-03,  5.66010E-03,  5.84803E-03,  6.03796E-03,  6.22901E-03,  6.42016E-03,  6.61027E-03,  6.79800E-03,  6.98190E-03,  7.16038E-03,  7.33173E-03,  7.49416E-03,  7.64583E-03,  7.78486E-03,  7.90942E-03,  8.01773E-03,  8.10814E-03,  8.17918E-03,  8.22958E-03,  8.25834E-03,  8.26475E-03,  8.24841E-03,  8.20926E-03,  8.14759E-03,  8.06400E-03,  7.95941E-03,  7.83503E-03,  7.69231E-03,  7.53290E-03,  7.35862E-03,  7.17138E-03,  6.97317E-03,  6.76598E-03,  6.55177E-03,  6.33245E-03,  6.10984E-03,  5.88562E-03,  5.66134E-03,  5.43842E-03,  5.21810E-03,  5.00146E-03,  4.78945E-03,  4.58284E-03,  4.38228E-03,  4.18826E-03,  4.00118E-03,  3.82129E-03,  3.64878E-03,  3.48372E-03,  3.32614E-03,  3.17596E-03,  3.03309E-03,  2.89737E-03,  2.76861E-03,  2.64659E-03,  2.53108E-03,  2.42182E-03,  2.31853E-03,  2.22096E-03,  2.12882E-03,
  2.22748E-03,  2.30946E-03,  2.39428E-03,  2.48203E-03,  2.57282E-03,  2.66673E-03,  2.76386E-03,  2.86431E-03,  2.96820E-03,  3.07560E-03,  3.18664E-03,  3.30142E-03,  3.42002E-03,  3.54256E-03,  3.66910E-03,  3.79973E-03,  3.93451E-03,  4.07347E-03,  4.21663E-03,  4.36398E-03,  4.51546E-03,  4.67096E-03,  4.83033E-03,  4.99334E-03,  5.15969E-03,  5.32901E-03,  5.50080E-03,  5.67449E-03,  5.84938E-03,  6.02465E-03,  6.19936E-03,  6.37245E-03,  6.54273E-03,  6.70890E-03,  6.86956E-03,  7.02322E-03,  7.16831E-03,  7.30326E-03,  7.42646E-03,  7.53634E-03,  7.63142E-03,  7.71030E-03,  7.77174E-03,  7.81470E-03,  7.83834E-03,  7.84208E-03,  7.82560E-03,  7.78886E-03,  7.73210E-03,  7.65585E-03,  7.56088E-03,  7.44823E-03,  7.31912E-03,  7.17495E-03,  7.01728E-03,  6.84774E-03,  6.66804E-03,  6.47991E-03,  6.28505E-03,  6.08513E-03,  5.88174E-03,  5.67638E-03,  5.47045E-03,  5.26522E-03,  5.06182E-03,  4.86126E-03,  4.66441E-03,  4.47203E-03,  4.28472E-03,  4.10298E-03,  3.92723E-03,  3.75773E-03,  3.59471E-03,  3.43827E-03,  3.28849E-03,  3.14534E-03,  3.00877E-03,  2.87867E-03,  2.75490E-03,  2.63731E-03,  2.52568E-03,  2.41983E-03,  2.31951E-03,  2.22451E-03,  2.13459E-03,
  2.22267E-03,  2.30277E-03,  2.38555E-03,  2.47111E-03,  2.55952E-03,  2.65086E-03,  2.74522E-03,  2.84268E-03,  2.94332E-03,  3.04723E-03,  3.15448E-03,  3.26516E-03,  3.37933E-03,  3.49706E-03,  3.61841E-03,  3.74341E-03,  3.87210E-03,  4.00447E-03,  4.14051E-03,  4.28017E-03,  4.42335E-03,  4.56992E-03,  4.71969E-03,  4.87242E-03,  5.02779E-03,  5.18541E-03,  5.34480E-03,  5.50541E-03,  5.66656E-03,  5.82749E-03,  5.98734E-03,  6.14514E-03,  6.29983E-03,  6.45023E-03,  6.59512E-03,  6.73319E-03,  6.86308E-03,  6.98343E-03,  7.09286E-03,  7.19004E-03,  7.27370E-03,  7.34267E-03,  7.39592E-03,  7.43256E-03,  7.45190E-03,  7.45347E-03,  7.43699E-03,  7.40246E-03,  7.35008E-03,  7.28031E-03,  7.19381E-03,  7.09145E-03,  6.97429E-03,  6.84352E-03,  6.70046E-03,  6.54654E-03,  6.38322E-03,  6.21199E-03,  6.03435E-03,  5.85174E-03,  5.66558E-03,  5.47721E-03,  5.28785E-03,  5.09867E-03,  4.91070E-03,  4.72486E-03,  4.54197E-03,  4.36273E-03,  4.18773E-03,  4.01748E-03,  3.85236E-03,  3.69267E-03,  3.53865E-03,  3.39045E-03,  3.24815E-03,  3.11179E-03,  2.98134E-03,  2.85674E-03,  2.73790E-03,  2.62469E-03,  2.51696E-03,  2.41454E-03,  2.31724E-03,  2.22488E-03,  2.13725E-03,
