 -5.12720E-04, -5.07212E-04, -4.99819E-04, -4.90371E-04, -4.78693E-04, -4.64609E-04, -4.47939E-04, -4.28506E-04, -4.06134E-04, -3.80659E-04, -3.51926E-04, -3.19795E-04, -2.84150E-04, -2.44901E-04, -2.01991E-04, -1.55404E-04, -1.05170E-04, -5.13742E-05,  5.83954E-06,  6.62592E-05,  1.29601E-04,  1.95503E-04,  2.63525E-04,  3.33145E-04,  4.03761E-04,  4.74697E-04,  5.45207E-04,  6.14485E-04,  6.81679E-04,  7.45910E-04,  8.06285E-04,  8.61920E-04,  9.11966E-04,  9.55628E-04,  9.92190E-04,  1.02104E-03,  1.04167E-03,  1.05373E-03,  1.05700E-03,  1.05143E-03,  1.03711E-03,  1.01430E-03,  9.83397E-04,  9.44924E-04,  8.99529E-04,  8.47949E-04,  7.90997E-04,  7.29534E-04,  6.64446E-04,  5.96626E-04,  5.26947E-04,  4.56251E-04,  3.85329E-04,  3.14910E-04,  2.45651E-04,  1.78134E-04,  1.12859E-04,  5.02458E-05, -9.36401E-06, -6.57060E-05, -1.18587E-04, -1.67877E-04, -2.13508E-04, -2.55462E-04, -2.93767E-04, -3.28488E-04, -3.59723E-04, -3.87594E-04, -4.12246E-04, -4.33837E-04, -4.52534E-04, -4.68514E-04, -4.81955E-04, -4.93035E-04, -5.01932E-04, -5.08819E-04, -5.13863E-04,
 -5.13063E-04, -5.07148E-04, -4.99207E-04, -4.89050E-04, -4.76477E-04, -4.61284E-04, -4.43265E-04, -4.22210E-04, -3.97913E-04, -3.70174E-04, -3.38804E-04, -3.03628E-04, -2.64494E-04, -2.21278E-04, -1.73893E-04, -1.22293E-04, -6.64862E-05, -6.53996E-06,  5.74089E-05,  1.25147E-04,  1.96375E-04,  2.70705E-04,  3.47653E-04,  4.26636E-04,  5.06975E-04,  5.87899E-04,  6.68546E-04,  7.47983E-04,  8.25213E-04,  8.99200E-04,  9.68885E-04,  1.03322E-03,  1.09119E-03,  1.14183E-03,  1.18429E-03,  1.21782E-03,  1.24182E-03,  1.25586E-03,  1.25967E-03,  1.25318E-03,  1.23652E-03,  1.20999E-03,  1.17407E-03,  1.12941E-03,  1.07677E-03,  1.01705E-03,  9.51227E-04,  8.80321E-04,  8.05390E-04,  7.27487E-04,  6.47641E-04,  5.66835E-04,  4.85984E-04,  4.05927E-04,  3.27412E-04,  2.51093E-04,  1.77528E-04,  1.07174E-04,  4.03967E-05, -2.25281E-05, -8.14075E-05, -1.36124E-04, -1.86625E-04, -2.32920E-04, -2.75063E-04, -3.13154E-04, -3.47324E-04, -3.77733E-04, -4.04557E-04, -4.27991E-04, -4.48236E-04, -4.65499E-04, -4.79991E-04, -4.91916E-04, -5.01478E-04, -5.08873E-04, -5.14292E-04,
 -5.13379E-04, -5.07079E-04, -4.98608E-04, -4.87751E-04, -4.74282E-04, -4.57966E-04, -4.38565E-04, -4.15835E-04, -3.89531E-04, -3.59415E-04, -3.25255E-04, -2.86835E-04, -2.43961E-04, -1.96465E-04, -1.44221E-04, -8.71475E-05, -2.52194E-05,  4.15197E-05,  1.12948E-04,  1.88857E-04,  2.68937E-04,  3.52774E-04,  4.39840E-04,  5.29487E-04,  6.20952E-04,  7.13352E-04,  8.05699E-04,  8.96906E-04,  9.85806E-04,  1.07118E-03,  1.15176E-03,  1.22631E-03,  1.29359E-03,  1.35247E-03,  1.40190E-03,  1.44098E-03,  1.46897E-03,  1.48535E-03,  1.48979E-03,  1.48223E-03,  1.46279E-03,  1.43185E-03,  1.39000E-03,  1.33802E-03,  1.27685E-03,  1.20756E-03,  1.13132E-03,  1.04937E-03,  9.62966E-04,  8.73350E-04,  7.81737E-04,  6.89275E-04,  5.97027E-04,  5.05955E-04,  4.16911E-04,  3.30628E-04,  2.47722E-04,  1.68692E-04,  9.39236E-05,  2.36986E-05, -4.17971E-05, -1.02463E-04, -1.58276E-04, -2.09274E-04, -2.55553E-04, -2.97252E-04, -3.34543E-04, -3.67630E-04, -3.96731E-04, -4.22082E-04, -4.43922E-04, -4.62497E-04, -4.78049E-04, -4.90817E-04, -5.01032E-04, -5.08918E-04, -5.14686E-04,
 -5.13674E-04, -5.07022E-04, -4.98048E-04, -4.86511E-04, -4.72155E-04, -4.54713E-04, -4.33909E-04, -4.09460E-04, -3.81079E-04, -3.48480E-04, -3.11384E-04, -2.69524E-04, -2.22654E-04, -1.70557E-04, -1.13054E-04, -5.00174E-05,  1.86198E-05,  9.28489E-05,  1.72574E-04,  2.57597E-04,  3.47606E-04,  4.42165E-04,  5.40701E-04,  6.42502E-04,  7.46706E-04,  8.52313E-04,  9.58182E-04,  1.06305E-03,  1.16555E-03,  1.26423E-03,  1.35761E-03,  1.44418E-03,  1.52247E-03,  1.59110E-03,  1.64879E-03,  1.69445E-03,  1.72719E-03,  1.74635E-03,  1.75156E-03,  1.74270E-03,  1.71995E-03,  1.68378E-03,  1.63489E-03,  1.57424E-03,  1.50298E-03,  1.42240E-03,  1.33391E-03,  1.23901E-03,  1.13919E-03,  1.03594E-03,  9.30680E-04,  8.24763E-04,  7.19417E-04,  6.15747E-04,  5.14719E-04,  4.17155E-04,  3.23730E-04,  2.34981E-04,  1.51312E-04,  7.30023E-05,  2.22635E-07, -6.69549E-05, -1.28543E-04, -1.84624E-04, -2.35343E-04, -2.80887E-04, -3.21482E-04, -3.57382E-04, -3.88856E-04, -4.16187E-04, -4.39660E-04, -4.59562E-04, -4.76175E-04, -4.89772E-04, -5.00618E-04, -5.08965E-04, -5.15052E-04,
 -5.13953E-04, -5.06989E-04, -4.97550E-04, -4.85365E-04, -4.70145E-04, -4.51587E-04, -4.29374E-04, -4.03177E-04, -3.72660E-04, -3.37485E-04, -2.97316E-04, -2.51827E-04, -2.00709E-04, -1.43683E-04, -8.05072E-05, -1.09942E-05,  6.49781E-05,  1.47449E-04,  2.36361E-04,  3.31538E-04,  4.32677E-04,  5.39324E-04,  6.50866E-04,  7.66521E-04,  8.85328E-04,  1.00615E-03,  1.12767E-03,  1.24842E-03,  1.36681E-03,  1.48111E-03,  1.58954E-03,  1.69031E-03,  1.78163E-03,  1.86183E-03,  1.92936E-03,  1.98287E-03,  2.02127E-03,  2.04377E-03,  2.04988E-03,  2.03948E-03,  2.01279E-03,  1.97036E-03,  1.91309E-03,  1.84212E-03,  1.75888E-03,  1.66493E-03,  1.56199E-03,  1.45186E-03,  1.33633E-03,  1.21717E-03,  1.09606E-03,  9.74589E-04,  8.54174E-04,  7.36085E-04,  6.21415E-04,  5.11078E-04,  4.05812E-04,  3.06187E-04,  2.12616E-04,  1.25369E-04,  4.45871E-05, -2.96972E-05, -9.75466E-05, -1.59102E-04, -2.14566E-04, -2.64191E-04, -3.08265E-04, -3.47103E-04, -3.81033E-04, -4.10393E-04, -4.35522E-04, -4.56753E-04, -4.74413E-04, -4.88814E-04, -5.00258E-04, -5.09028E-04, -5.15390E-04,
 -5.14218E-04, -5.06993E-04, -4.97138E-04, -4.84350E-04, -4.68304E-04, -4.48655E-04, -4.25042E-04, -3.97085E-04, -3.64393E-04, -3.26566E-04, -2.83203E-04, -2.33906E-04, -1.78295E-04, -1.16013E-04, -4.67421E-05,  2.97808E-05,  1.13749E-04,  2.05268E-04,  3.04333E-04,  4.10808E-04,  5.24408E-04,  6.44675E-04,  7.70963E-04,  9.02418E-04,  1.03797E-03,  1.17634E-03,  1.31601E-03,  1.45527E-03,  1.59225E-03,  1.72491E-03,  1.85112E-03,  1.96871E-03,  2.07552E-03,  2.16952E-03,  2.24879E-03,  2.31170E-03,  2.35690E-03,  2.38339E-03,  2.39059E-03,  2.37834E-03,  2.34691E-03,  2.29699E-03,  2.22968E-03,  2.14640E-03,  2.04889E-03,  1.93906E-03,  1.81902E-03,  1.69093E-03,  1.55694E-03,  1.41918E-03,  1.27963E-03,  1.14015E-03,  1.00238E-03,  8.67775E-04,  7.37570E-04,  6.12775E-04,  4.94188E-04,  3.82406E-04,  2.77838E-04,  1.80729E-04,  9.11793E-05,  9.16190E-06, -6.54523E-05, -1.32877E-04, -1.93391E-04, -2.47324E-04, -2.95039E-04, -3.36924E-04, -3.73376E-04, -4.04798E-04, -4.31587E-04, -4.54133E-04, -4.72810E-04, -4.87976E-04, -4.99971E-04, -5.09113E-04, -5.15700E-04,
 -5.14461E-04, -5.07039E-04, -4.96831E-04, -4.83499E-04, -4.66680E-04, -4.45986E-04, -4.21003E-04, -3.91296E-04, -3.56411E-04, -3.15878E-04, -2.69219E-04, -2.15956E-04, -1.55620E-04, -8.77628E-05, -1.19734E-05,  7.21067E-05,  1.64763E-04,  2.66185E-04,  3.76445E-04,  4.95466E-04,  6.23001E-04,  7.58604E-04,  9.01603E-04,  1.05108E-03,  1.20586E-03,  1.36448E-03,  1.52522E-03,  1.68610E-03,  1.84490E-03,  1.99920E-03,  2.14646E-03,  2.28405E-03,  2.40935E-03,  2.51985E-03,  2.61323E-03,  2.68744E-03,  2.74081E-03,  2.77212E-03,  2.78063E-03,  2.76614E-03,  2.72900E-03,  2.67007E-03,  2.59070E-03,  2.49266E-03,  2.37807E-03,  2.24933E-03,  2.10897E-03,  1.95963E-03,  1.80392E-03,  1.64435E-03,  1.48330E-03,  1.32293E-03,  1.16515E-03,  1.01163E-03,  8.63733E-04,  7.22580E-04,  5.89022E-04,  4.63667E-04,  3.46909E-04,  2.38948E-04,  1.39819E-04,  4.94164E-05, -3.24758E-05, -1.06164E-04, -1.72023E-04, -2.30475E-04, -2.81974E-04, -3.26993E-04, -3.66011E-04, -3.99504E-04, -4.27939E-04, -4.51764E-04, -4.71412E-04, -4.87287E-04, -4.99772E-04, -5.09224E-04, -5.15973E-04,
 -5.14671E-04, -5.07126E-04, -4.96641E-04, -4.82842E-04, -4.65324E-04, -4.43649E-04, -4.17351E-04, -3.85929E-04, -3.48859E-04, -3.05594E-04, -2.55566E-04, -1.98204E-04, -1.32935E-04, -5.92011E-05,  2.35227E-05,  1.15712E-04,  2.17769E-04,  3.29996E-04,  4.52565E-04,  5.85489E-04,  7.28584E-04,  8.81435E-04,  1.04337E-03,  1.21340E-03,  1.39025E-03,  1.57229E-03,  1.75754E-03,  1.94371E-03,  2.12817E-03,  2.30807E-03,  2.48034E-03,  2.64179E-03,  2.78923E-03,  2.91957E-03,  3.02993E-03,  3.11779E-03,  3.18105E-03,  3.21820E-03,  3.22830E-03,  3.21111E-03,  3.16706E-03,  3.09722E-03,  3.00329E-03,  2.88746E-03,  2.75239E-03,  2.60100E-03,  2.43643E-03,  2.26187E-03,  2.08050E-03,  1.89532E-03,  1.70916E-03,  1.52453E-03,  1.34367E-03,  1.16845E-03,  1.00041E-03,  8.40761E-04,  6.90394E-04,  5.49916E-04,  4.19677E-04,  2.99807E-04,  1.90248E-04,  9.07924E-05,  1.10791E-06, -7.92286E-05, -1.50708E-04, -2.13865E-04, -2.69264E-04, -3.17477E-04, -3.59077E-04, -3.94625E-04, -4.24664E-04, -4.49713E-04, -4.70262E-04, -4.86772E-04, -4.99671E-04, -5.09356E-04, -5.16193E-04,
 -5.14825E-04, -5.07245E-04, -4.96574E-04, -4.82402E-04, -4.64278E-04, -4.41713E-04, -4.14179E-04, -3.81108E-04, -3.41897E-04, -2.95907E-04, -2.42474E-04, -1.80915E-04, -1.10537E-04, -3.06534E-05,  5.94007E-05,  1.60244E-04,  2.72426E-04,  3.96393E-04,  5.32455E-04,  6.80745E-04,  8.41178E-04,  1.01340E-03,  1.19677E-03,  1.39025E-03,  1.59247E-03,  1.80160E-03,  2.01541E-03,  2.23121E-03,  2.44595E-03,  2.65621E-03,  2.85829E-03,  3.04832E-03,  3.22238E-03,  3.37667E-03,  3.50760E-03,  3.61202E-03,  3.68732E-03,  3.73156E-03,  3.74360E-03,  3.72312E-03,  3.67065E-03,  3.58756E-03,  3.47597E-03,  3.33864E-03,  3.17885E-03,  3.00025E-03,  2.80671E-03,  2.60214E-03,  2.39037E-03,  2.17504E-03,  1.95947E-03,  1.74664E-03,  1.53911E-03,  1.33901E-03,  1.14804E-03,  9.67491E-04,  7.98283E-04,  6.40987E-04,  4.95880E-04,  3.62986E-04,  2.42122E-04,  1.32937E-04,  3.49572E-05, -5.23889E-05, -1.29734E-04, -1.97751E-04, -2.57129E-04, -3.08560E-04, -3.52723E-04, -3.90277E-04, -4.21851E-04, -4.48039E-04, -4.69399E-04, -4.86449E-04, -4.99669E-04, -5.09497E-04, -5.16336E-04,
 -5.14889E-04, -5.07373E-04, -4.96625E-04, -4.82192E-04, -4.63580E-04, -4.40241E-04, -4.11583E-04, -3.76963E-04, -3.35690E-04, -2.87027E-04, -2.30197E-04, -1.64390E-04, -8.87742E-05, -2.50847E-06,  9.52370E-05,  2.05258E-04,  3.28284E-04,  4.64949E-04,  6.15742E-04,  7.80965E-04,  9.60675E-04,  1.15463E-03,  1.36223E-03,  1.58247E-03,  1.81384E-03,  2.05436E-03,  2.30148E-03,  2.55211E-03,  2.80266E-03,  3.04903E-03,  3.28678E-03,  3.51118E-03,  3.71741E-03,  3.90074E-03,  4.05670E-03,  4.18132E-03,  4.27132E-03,  4.32426E-03,  4.33867E-03,  4.31415E-03,  4.25139E-03,  4.15211E-03,  4.01898E-03,  3.85550E-03,  3.66577E-03,  3.45435E-03,  3.22601E-03,  2.98558E-03,  2.73770E-03,  2.48676E-03,  2.23671E-03,  1.99103E-03,  1.75267E-03,  1.52403E-03,  1.30696E-03,  1.10282E-03,  9.12532E-04,  7.36581E-04,  5.75130E-04,  4.28050E-04,  2.94987E-04,  1.75410E-04,  6.86568E-05, -2.60234E-05, -1.09438E-04, -1.82420E-04, -2.45812E-04, -3.00440E-04, -3.47108E-04, -3.86581E-04, -4.19585E-04, -4.46799E-04, -4.68853E-04, -4.86327E-04, -4.99755E-04, -5.09621E-04, -5.16365E-04,
 -5.14816E-04, -5.07476E-04, -4.96773E-04, -4.82215E-04, -4.63254E-04, -4.39287E-04, -4.09651E-04, -3.73622E-04, -3.30413E-04, -2.79178E-04, -2.19013E-04, -1.48966E-04, -6.80426E-05,  2.47783E-05,  1.30524E-04,  2.50202E-04,  3.84771E-04,  5.35095E-04,  7.01902E-04,  8.85716E-04,  1.08680E-03,  1.30508E-03,  1.54007E-03,  1.79080E-03,  2.05570E-03,  2.33261E-03,  2.61866E-03,  2.91031E-03,  3.20332E-03,  3.49281E-03,  3.77340E-03,  4.03930E-03,  4.28457E-03,  4.50328E-03,  4.68985E-03,  4.83926E-03,  4.94734E-03,  5.01098E-03,  5.02831E-03,  4.99883E-03,  4.92339E-03,  4.80422E-03,  4.64470E-03,  4.44925E-03,  4.22307E-03,  3.97187E-03,  3.70157E-03,  3.41812E-03,  3.12721E-03,  2.83412E-03,  2.54354E-03,  2.25955E-03,  1.98552E-03,  1.72413E-03,  1.47737E-03,  1.24666E-03,  1.03282E-03,  8.36235E-04,  6.56883E-04,  4.94425E-04,  3.48276E-04,  2.17670E-04,  1.01711E-04, -5.72820E-07, -9.01992E-05, -1.68196E-04, -2.35577E-04, -2.93328E-04, -3.42390E-04, -3.83652E-04, -4.17945E-04, -4.46039E-04, -4.68642E-04, -4.86401E-04, -4.99907E-04, -5.09689E-04, -5.16228E-04,
 -5.14539E-04, -5.07501E-04, -4.96983E-04, -4.82451E-04, -4.63309E-04, -4.38890E-04, -4.08460E-04, -3.71206E-04, -3.26239E-04, -2.72592E-04, -2.09222E-04, -1.35014E-04, -4.87891E-05,  5.06828E-05,  1.64662E-04,  2.94414E-04,  4.41174E-04,  6.06101E-04,  7.90224E-04,  9.94368E-04,  1.21908E-03,  1.46453E-03,  1.73043E-03,  2.01589E-03,  2.31936E-03,  2.63850E-03,  2.97014E-03,  3.31020E-03,  3.65370E-03,  3.99485E-03,  4.32709E-03,  4.64334E-03,  4.93620E-03,  5.19827E-03,  5.42248E-03,  5.60247E-03,  5.73290E-03,  5.80978E-03,  5.83074E-03,  5.79510E-03,  5.70398E-03,  5.56022E-03,  5.36816E-03,  5.13345E-03,  4.86267E-03,  4.56301E-03,  4.24189E-03,  3.90667E-03,  3.56431E-03,  3.22117E-03,  2.88286E-03,  2.55412E-03,  2.23878E-03,  1.93981E-03,  1.65932E-03,  1.39868E-03,  1.15862E-03,  9.39291E-04,  7.40422E-04,  5.61383E-04,  4.01288E-04,  2.59069E-04,  1.33541E-04,  2.34589E-05, -7.24460E-05, -1.55428E-04, -2.26705E-04, -2.87440E-04, -3.38731E-04, -3.81602E-04, -4.16998E-04, -4.45789E-04, -4.68767E-04, -4.86649E-04, -5.00082E-04, -5.09645E-04, -5.15858E-04,
 -5.13974E-04, -5.07373E-04, -4.97195E-04, -4.82864E-04, -4.63732E-04, -4.39072E-04, -4.08070E-04, -3.69825E-04, -3.23335E-04, -2.67505E-04, -2.01137E-04, -1.22933E-04, -3.15065E-05,  7.46137E-05,  1.96962E-04,  3.37111E-04,  4.96635E-04,  6.77058E-04,  8.79795E-04,  1.10606E-03,  1.35680E-03,  1.63252E-03,  1.93323E-03,  2.25824E-03,  2.60608E-03,  2.97429E-03,  3.35937E-03,  3.75669E-03,  4.16044E-03,  4.56368E-03,  4.95846E-03,  5.33605E-03,  5.68724E-03,  6.00271E-03,  6.27349E-03,  6.49142E-03,  6.64966E-03,  6.74307E-03,  6.76853E-03,  6.72522E-03,  6.61456E-03,  6.44021E-03,  6.20781E-03,  5.92458E-03,  5.59893E-03,  5.23997E-03,  4.85703E-03,  4.45924E-03,  4.05514E-03,  3.65245E-03,  3.25779E-03,  2.87670E-03,  2.51350E-03,  2.17141E-03,  1.85261E-03,  1.55837E-03,  1.28917E-03,  1.04487E-03,  8.24828E-04,  6.28024E-04,  4.53180E-04,  2.98848E-04,  1.63482E-04,  4.55062E-05, -5.66456E-05, -1.44493E-04, -2.19488E-04, -2.82994E-04, -3.36282E-04, -3.80525E-04, -4.16794E-04, -4.46062E-04, -4.69209E-04, -4.87025E-04, -5.00216E-04, -5.09411E-04, -5.15167E-04,
 -5.13010E-04, -5.06992E-04, -4.97323E-04, -4.83387E-04, -4.64484E-04, -4.39825E-04, -4.08519E-04, -3.69567E-04, -3.21855E-04, -2.64145E-04, -1.95072E-04, -1.13141E-04, -1.67259E-05,  9.59180E-05,  2.26644E-04,  3.77390E-04,  5.50138E-04,  7.46866E-04,  9.69473E-04,  1.21969E-03,  1.49897E-03,  1.80831E-03,  2.14817E-03,  2.51818E-03,  2.91704E-03,  3.34229E-03,  3.79015E-03,  4.25538E-03,  4.73119E-03,  5.20934E-03,  5.68015E-03,  6.13285E-03,  6.55591E-03,  6.93753E-03,  7.26625E-03,  7.53158E-03,  7.72466E-03,  7.83879E-03,  7.86993E-03,  7.81697E-03,  7.68180E-03,  7.46918E-03,  7.18642E-03,  6.84287E-03,  6.44935E-03,  6.01744E-03,  5.55894E-03,  5.08523E-03,  4.60681E-03,  4.13301E-03,  3.67172E-03,  3.22930E-03,  2.81060E-03,  2.41906E-03,  2.05681E-03,  1.72490E-03,  1.42344E-03,  1.15185E-03,  9.08965E-04,  6.93266E-04,  5.02965E-04,  3.36134E-04,  1.90787E-04,  6.49485E-05, -4.32985E-05, -1.35782E-04, -2.14217E-04, -2.80194E-04, -3.35177E-04, -3.80495E-04, -4.17355E-04, -4.46841E-04, -4.69921E-04, -4.87459E-04, -5.00222E-04, -5.08885E-04, -5.14044E-04,
 -5.11514E-04, -5.06232E-04, -4.97252E-04, -4.83920E-04, -4.65490E-04, -4.41108E-04, -4.09806E-04, -3.70489E-04, -3.21922E-04, -2.62720E-04, -1.91337E-04, -1.06061E-04, -5.00349E-06,  1.13893E-04,  2.52849E-04,  4.14230E-04,  6.00512E-04,  8.14224E-04,  1.05788E-03,  1.33386E-03,  1.64429E-03,  1.99086E-03,  2.37463E-03,  2.79576E-03,  3.25331E-03,  3.74493E-03,  4.26663E-03,  4.81254E-03,  5.37485E-03,  5.94370E-03,  6.50735E-03,  7.05247E-03,  7.56455E-03,  8.02861E-03,  8.42990E-03,  8.75486E-03,  8.99188E-03,  9.13221E-03,  9.17053E-03,  9.10536E-03,  8.93922E-03,  8.67835E-03,  8.33232E-03,  7.91332E-03,  7.43533E-03,  6.91322E-03,  6.36192E-03,  5.79569E-03,  5.22748E-03,  4.66858E-03,  4.12829E-03,  3.61394E-03,  3.13087E-03,  2.68262E-03,  2.27117E-03,  1.89714E-03,  1.56010E-03,  1.25882E-03,  9.91467E-04,  7.55840E-04,  5.49509E-04,  3.69949E-04,  2.14637E-04,  8.11220E-05, -3.29252E-05, -1.29685E-04, -2.11173E-04, -2.79228E-04, -3.35521E-04, -3.81554E-04, -4.18673E-04, -4.48074E-04, -4.70820E-04, -4.87846E-04, -4.99977E-04, -5.07936E-04, -5.12353E-04,
 -5.09320E-04, -5.04929E-04, -4.96827E-04, -4.84327E-04, -4.66633E-04, -4.42836E-04, -4.11890E-04, -3.72604E-04, -3.23621E-04, -2.63402E-04, -1.90213E-04, -1.02105E-04,  3.09785E-06,  1.27803E-04,  2.74653E-04,  4.46512E-04,  6.46440E-04,  8.77640E-04,  1.14338E-03,  1.44688E-03,  1.79114E-03,  2.17876E-03,  2.61166E-03,  3.09080E-03,  3.61582E-03,  4.18469E-03,  4.79334E-03,  5.43536E-03,  6.10176E-03,  6.78086E-03,  7.45839E-03,  8.11780E-03,  8.74082E-03,  9.30826E-03,  9.80110E-03,  1.02016E-02,  1.04945E-02,  1.06682E-02,  1.07156E-02,  1.06349E-02,  1.04293E-02,  1.01072E-02,  9.68107E-03,  9.16705E-03,  8.58328E-03,  7.94897E-03,  7.28315E-03,  6.60370E-03,  5.92663E-03,  5.26556E-03,  4.63146E-03,  4.03264E-03,  3.47488E-03,  2.96168E-03,  2.49459E-03,  2.07361E-03,  1.69749E-03,  1.36411E-03,  1.07073E-03,  8.14296E-04,  5.91546E-04,  3.99225E-04,  2.34160E-04,  9.33389E-05, -2.60471E-05, -1.26580E-04, -2.10607E-04, -2.80242E-04, -3.37379E-04, -3.83699E-04, -4.20691E-04, -4.49669E-04, -4.71783E-04, -4.88043E-04, -4.99327E-04, -5.06401E-04, -5.09927E-04,
 -5.06228E-04, -5.02885E-04, -4.95855E-04, -4.84421E-04, -4.67747E-04, -4.44869E-04, -4.14670E-04, -3.75865E-04, -3.26976E-04, -2.66310E-04, -1.91933E-04, -1.01647E-04,  7.03588E-06,  1.36912E-04,  2.91100E-04,  4.73043E-04,  6.86488E-04,  9.35447E-04,  1.22412E-03,  1.55677E-03,  1.93754E-03,  2.37022E-03,  2.85794E-03,  3.40277E-03,  4.00528E-03,  4.66408E-03,  5.37527E-03,  6.13200E-03,  6.92406E-03,  7.73767E-03,  8.55553E-03,  9.35707E-03,  1.01192E-02,  1.08172E-02,  1.14263E-02,  1.19232E-02,  1.22877E-02,  1.25043E-02,  1.25636E-02,  1.24628E-02,  1.22066E-02,  1.18059E-02,  1.12777E-02,  1.06431E-02,  9.92604E-03,  9.15135E-03,  8.34343E-03,  7.52482E-03,  6.71528E-03,  5.93124E-03,  5.18552E-03,  4.48743E-03,  3.84301E-03,  3.25545E-03,  2.72561E-03,  2.25246E-03,  1.83362E-03,  1.46575E-03,  1.14495E-03,  8.67025E-04,  6.27704E-04,  4.22832E-04,  2.48460E-04,  1.00915E-04, -2.31599E-05, -1.26800E-04, -2.12720E-04, -2.83329E-04, -3.40755E-04, -3.86866E-04, -4.23298E-04, -4.51476E-04, -4.72639E-04, -4.87862E-04, -4.98075E-04, -5.04081E-04, -5.06570E-04,
 -5.02005E-04, -4.99860E-04, -4.94094E-04, -4.83965E-04, -4.68605E-04, -4.47003E-04, -4.17976E-04, -3.80153E-04, -3.31938E-04, -2.71483E-04, -1.96655E-04, -1.04993E-04,  6.32419E-06,  1.40519E-04,  3.01243E-04,  4.92599E-04,  7.19140E-04,  9.85842E-04,  1.29804E-03,  1.66128E-03,  2.08118E-03,  2.56308E-03,  3.11173E-03,  3.73078E-03,  4.42221E-03,  5.18571E-03,  6.01793E-03,  6.91182E-03,  7.85601E-03,  8.83440E-03,  9.82602E-03,  1.08053E-02,  1.17430E-02,  1.26071E-02,  1.33652E-02,  1.39864E-02,  1.44435E-02,  1.47157E-02,  1.47902E-02,  1.46635E-02,  1.43416E-02,  1.38395E-02,  1.31799E-02,  1.23911E-02,  1.15048E-02,  1.05533E-02,  9.56809E-03,  8.57763E-03,  7.60632E-03,  6.67386E-03,  5.79511E-03,  4.98025E-03,  4.23532E-03,  3.56279E-03,  2.96233E-03,  2.43146E-03,  1.96617E-03,  1.56155E-03,  1.21213E-03,  9.12296E-04,  6.56544E-04,  4.39620E-04,  2.56655E-04,  1.03209E-04, -2.47000E-05, -1.30610E-04, -2.17636E-04, -2.88502E-04, -3.45578E-04, -3.90923E-04, -4.26314E-04, -4.53285E-04, -4.73156E-04, -4.87064E-04, -4.95980E-04, -5.00737E-04, -5.02048E-04,
 -4.96377E-04, -4.95569E-04, -4.91249E-04, -4.82662E-04, -4.68915E-04, -4.48958E-04, -4.21555E-04, -3.85254E-04, -3.38353E-04, -2.78856E-04, -2.04428E-04, -1.12342E-04,  5.77005E-07,  1.38010E-04,  3.04198E-04,  5.03991E-04,  7.42870E-04,  1.02695E-03,  1.36292E-03,  1.75795E-03,  2.21945E-03,  2.75480E-03,  3.37090E-03,  4.07357E-03,  4.86686E-03,  5.75220E-03,  6.72737E-03,  7.78558E-03,  8.91450E-03,  1.00955E-02,  1.13034E-02,  1.25065E-02,  1.36672E-02,  1.47444E-02,  1.56951E-02,  1.64778E-02,  1.70560E-02,  1.74012E-02,  1.74958E-02,  1.73350E-02,  1.69270E-02,  1.62925E-02,  1.54623E-02,  1.44746E-02,  1.33715E-02,  1.21959E-02,  1.09882E-02,  9.78453E-03,  8.61489E-03,  7.50284E-03,  6.46529E-03,  5.51304E-03,  4.65161E-03,  3.88215E-03,  3.20248E-03,  2.60801E-03,  2.09256E-03,  1.64908E-03,  1.27012E-03,  9.48326E-04,  6.76629E-04,  4.48483E-04,  2.57935E-04,  9.96698E-05, -3.10005E-05, -1.38167E-04, -2.25372E-04, -2.95670E-04, -3.51679E-04, -3.95643E-04, -4.29475E-04, -4.54811E-04, -4.73042E-04, -4.85352E-04, -4.92749E-04, -4.96087E-04, -4.96091E-04,
 -4.89031E-04, -4.89678E-04, -4.86972E-04, -4.80151E-04, -4.68308E-04, -4.50368E-04, -4.25052E-04, -3.90844E-04, -3.45948E-04, -2.88228E-04, -2.15157E-04, -1.23740E-04, -1.04363E-05,  1.28922E-04,  2.99220E-04,  5.06140E-04,  7.56225E-04,  1.05691E-03,  1.41652E-03,  1.84415E-03,  2.34949E-03,  2.94249E-03,  3.63288E-03,  4.42946E-03,  5.33922E-03,  6.36622E-03,  7.51031E-03,  8.76572E-03,  1.01196E-02,  1.15509E-02,  1.30295E-02,  1.45160E-02,  1.59627E-02,  1.73156E-02,  1.85176E-02,  1.95127E-02,  2.02508E-02,  2.06927E-02,  2.08140E-02,  2.06079E-02,  2.00859E-02,  1.92767E-02,  1.82226E-02,  1.69758E-02,  1.55930E-02,  1.41310E-02,  1.26423E-02,  1.11726E-02,  9.75891E-03,  8.42895E-03,  7.20158E-03,  6.08765E-03,  5.09133E-03,  4.21156E-03,  3.44337E-03,  2.77922E-03,  2.20998E-03,  1.72581E-03,  1.31679E-03,  9.73363E-04,  6.86607E-04,  4.48433E-04,  2.51635E-04,  8.99001E-05, -4.22397E-05, -1.49475E-04, -2.35802E-04, -3.04610E-04, -3.58767E-04, -4.00692E-04, -4.32425E-04, -4.55687E-04, -4.71927E-04, -4.82367E-04, -4.88037E-04, -4.89802E-04, -4.88392E-04,
 -4.79612E-04, -4.81806E-04, -4.80854E-04, -4.75998E-04, -4.66332E-04, -4.50767E-04, -4.28001E-04, -3.96470E-04, -3.54298E-04, -2.99231E-04, -2.28559E-04, -1.39028E-04, -2.67279E-05,  1.13020E-04,  2.85793E-04,  4.98188E-04,  7.57944E-04,  1.07402E-03,  1.45665E-03,  1.91725E-03,  2.46832E-03,  3.12304E-03,  3.89481E-03,  4.79642E-03,  5.83899E-03,  7.03053E-03,  8.37429E-03,  9.86674E-03,  1.14955E-02,  1.32373E-02,  1.50566E-02,  1.69048E-02,  1.87210E-02,  2.04342E-02,  2.19678E-02,  2.32453E-02,  2.41974E-02,  2.47692E-02,  2.49263E-02,  2.46593E-02,  2.39844E-02,  2.29416E-02,  2.15904E-02,  2.00026E-02,  1.82554E-02,  1.64244E-02,  1.45783E-02,  1.27750E-02,  1.10597E-02,  9.46464E-03,  8.01008E-03,  6.70589E-03,  5.55365E-03,  4.54869E-03,  3.68202E-03,  2.94197E-03,  2.31551E-03,  1.78923E-03,  1.35008E-03,  9.85820E-04,  6.85328E-04,  4.38706E-04,  2.37317E-04,  7.37282E-05, -5.83806E-05, -1.64340E-04, -2.48616E-04, -3.14938E-04, -3.66409E-04, -4.05613E-04, -4.34697E-04, -4.55450E-04, -4.69364E-04, -4.77682E-04, -4.81442E-04, -4.81508E-04, -4.78603E-04,
 -4.67725E-04, -4.71521E-04, -4.72425E-04, -4.69698E-04, -4.62446E-04, -4.49587E-04, -4.29810E-04, -4.01527E-04, -3.62805E-04, -3.11294E-04, -2.44122E-04, -1.57789E-04, -4.80205E-05,  9.03852E-05,  2.63733E-04,  4.79618E-04,  7.47101E-04,  1.07688E-03,  1.48137E-03,  1.97479E-03,  2.57300E-03,  3.29323E-03,  4.15359E-03,  5.17214E-03,  6.36569E-03,  7.74807E-03,  9.32784E-03,  1.11057E-02,  1.30712E-02,  1.52001E-02,  1.74511E-02,  1.97645E-02,  2.20625E-02,  2.42515E-02,  2.62277E-02,  2.78854E-02,  2.91275E-02,  2.98761E-02,  3.00823E-02,  2.97322E-02,  2.88491E-02,  2.74904E-02,  2.57399E-02,  2.36981E-02,  2.14711E-02,  1.91606E-02,  1.68566E-02,  1.46325E-02,  1.25428E-02,  1.06244E-02,  8.89761E-03,  7.36963E-03,  6.03747E-03,  4.89093E-03,  3.91523E-03,  3.09310E-03,  2.40633E-03,  1.83700E-03,  1.36818E-03,  9.84421E-04,  6.71978E-04,  4.18880E-04,  2.14873E-04,  5.12916E-05, -7.91042E-05, -1.82315E-04, -2.63286E-04, -3.26074E-04, -3.74004E-04, -4.09802E-04, -4.35701E-04, -4.53538E-04, -4.64822E-04, -4.70801E-04, -4.72504E-04, -4.70782E-04, -4.66339E-04,
 -4.52935E-04, -4.58341E-04, -4.61155E-04, -4.60669E-04, -4.56017E-04, -4.46143E-04, -4.29750E-04, -4.05248E-04, -3.70677E-04, -3.23614E-04, -2.61059E-04, -1.79286E-04, -7.36725E-05,  6.15072E-05,  2.33314E-04,  4.50401E-04,  7.23278E-04,  1.06457E-03,  1.48923E-03,  2.01469E-03,  2.66087E-03,  3.44998E-03,  4.40608E-03,  5.55416E-03,  6.91880E-03,  8.52209E-03,  1.03808E-02,  1.25027E-02,  1.48824E-02,  1.74960E-02,  2.02974E-02,  2.32141E-02,  2.61465E-02,  2.89706E-02,  3.15446E-02,  3.37211E-02,  3.53618E-02,  3.63547E-02,  3.66287E-02,  3.61636E-02,  3.49934E-02,  3.32011E-02,  3.09072E-02,  2.82540E-02,  2.53886E-02,  2.24492E-02,  1.95540E-02,  1.67956E-02,  1.42394E-02,  1.19253E-02,  9.87198E-03,  8.08091E-03,  6.54160E-03,  5.23558E-03,  4.13986E-03,  3.22960E-03,  2.47993E-03,  1.86721E-03,  1.36979E-03,  9.68400E-04,  6.46250E-04,  3.89014E-04,  1.84640E-04,  2.31265E-05, -1.03740E-04, -2.02648E-04, -2.79016E-04, -3.37214E-04, -3.80763E-04, -4.12502E-04, -4.34722E-04, -4.49279E-04, -4.57681E-04, -4.61155E-04, -4.60706E-04, -4.57156E-04, -4.51176E-04,
 -4.34775E-04, -4.41739E-04, -4.46455E-04, -4.48255E-04, -4.46320E-04, -4.39637E-04, -4.26948E-04, -4.06689E-04, -3.76902E-04, -3.35129E-04, -2.78270E-04, -2.02410E-04, -1.02603E-04,  2.73862E-05,  1.95386E-04,  4.11155E-04,  6.86757E-04,  1.03694E-03,  1.47949E-03,  2.03557E-03,  2.72987E-03,  3.59067E-03,  4.64945E-03,  5.94020E-03,  7.49796E-03,  9.35648E-03,  1.15447E-02,  1.40821E-02,  1.69724E-02,  2.01963E-02,  2.37041E-02,  2.74093E-02,  3.11852E-02,  3.48664E-02,  3.82580E-02,  4.11514E-02,  4.33477E-02,  4.46830E-02,  4.50521E-02,  4.44255E-02,  4.28534E-02,  4.04581E-02,  3.74150E-02,  3.39282E-02,  3.02045E-02,  2.64326E-02,  2.27682E-02,  1.93276E-02,  1.61871E-02,  1.33878E-02,  1.09423E-02,  8.84224E-03,  7.06503E-03,  5.58009E-03,  4.35306E-03,  3.34898E-03,  2.53441E-03,  1.87865E-03,  1.35434E-03,  9.37718E-04,  6.08525E-04,  3.49794E-04,  1.47515E-04, -9.74049E-06, -1.31194E-04, -2.24227E-04, -2.94713E-04, -3.47307E-04, -3.85692E-04, -4.12786E-04, -4.30905E-04, -4.41895E-04, -4.47233E-04, -4.48107E-04, -4.45476E-04, -4.40117E-04, -4.32660E-04,
 -4.12743E-04, -4.21150E-04, -4.27682E-04, -4.31731E-04, -4.32539E-04, -4.29155E-04, -4.20386E-04, -4.04722E-04, -3.80242E-04, -3.44489E-04, -2.94306E-04, -2.25628E-04, -1.33224E-04, -1.03755E-05,  1.51503E-04,  3.63305E-04,  6.38726E-04,  9.94802E-04,  1.45246E-03,  2.03709E-03,  2.77894E-03,  3.71353E-03,  4.88159E-03,  6.32857E-03,  8.10344E-03,  1.02561E-02,  1.28335E-02,  1.58731E-02,  1.93949E-02,  2.33902E-02,  2.78101E-02,  3.25538E-02,  3.74610E-02,  4.23111E-02,  4.68336E-02,  5.07306E-02,  5.37116E-02,  5.55332E-02,  5.60380E-02,  5.51814E-02,  5.30390E-02,  4.97936E-02,  4.57049E-02,  4.10691E-02,  3.61798E-02,  3.12962E-02,  2.66238E-02,  2.23070E-02,  1.84320E-02,  1.50362E-02,  1.21197E-02,  9.65695E-03,  7.60729E-03,  5.92256E-03,  4.55275E-03,  3.44964E-03,  2.56891E-03,  1.87116E-03,  1.32228E-03,  8.93306E-04,  5.60063E-04,  3.02689E-04,  1.05072E-04, -4.57058E-05, -1.59890E-04, -2.45540E-04, -3.08955E-04, -3.55034E-04, -3.87582E-04, -4.09556E-04, -4.23260E-04, -4.30497E-04, -4.32687E-04, -4.30953E-04, -4.26192E-04, -4.19118E-04, -4.10308E-04,
 -3.86317E-04, -3.95972E-04, -4.04150E-04, -4.10312E-04, -4.13776E-04, -4.13676E-04, -4.08906E-04, -3.98040E-04, -3.79229E-04, -3.50056E-04, -3.07352E-04, -2.46952E-04, -1.63386E-04, -4.94938E-05,  1.04039E-04,  3.09239E-04,  5.81485E-04,  9.40236E-04,  1.40983E-03,  2.02036E-03,  2.80848E-03,  3.81825E-03,  5.10166E-03,  6.71872E-03,  8.73662E-03,  1.12274E-02,  1.42637E-02,  1.79106E-02,  2.22147E-02,  2.71885E-02,  3.27917E-02,  3.89116E-02,  4.53478E-02,  5.18060E-02,  5.79084E-02,  6.32255E-02,  6.73277E-02,  6.98488E-02,  7.05495E-02,  6.93611E-02,  6.63995E-02,  6.19422E-02,  5.63783E-02,  5.01434E-02,  4.36576E-02,  3.72791E-02,  3.12781E-02,  2.58311E-02,  2.10301E-02,  1.68999E-02,  1.34174E-02,  1.05298E-02,  8.16905E-03,  6.26225E-03,  4.73820E-03,  3.53144E-03,  2.58401E-03,  1.84603E-03,  1.27542E-03,  8.37311E-04,  5.03198E-04,  2.50090E-04,  5.96656E-05, -8.25164E-05, -1.87718E-04, -2.64644E-04, -3.19972E-04, -3.58800E-04, -3.85007E-04, -4.01545E-04, -4.10666E-04, -4.14098E-04, -4.13176E-04, -4.08935E-04, -4.02190E-04, -3.93580E-04, -3.83615E-04,
 -3.54962E-04, -3.65585E-04, -3.75138E-04, -3.83162E-04, -3.89065E-04, -3.92084E-04, -3.91222E-04, -3.85166E-04, -3.72169E-04, -3.49899E-04, -3.15221E-04, -2.63920E-04, -1.90344E-04, -8.69476E-05,  5.62674E-05,  2.52432E-04,  5.18623E-04,  8.76815E-04,  1.35498E-03,  1.98837E-03,  2.82087E-03,  3.90650E-03,  5.31083E-03,  7.11196E-03,  9.40070E-03,  1.22790E-02,  1.58553E-02,  2.02358E-02,  2.55095E-02,  3.17262E-02,  3.88685E-02,  4.68191E-02,  5.53320E-02,  6.40158E-02,  7.23416E-02,  7.96851E-02,  8.54043E-02,  8.89416E-02,  8.99276E-02,  8.82560E-02,  8.41062E-02,  7.79054E-02,  7.02436E-02,  6.17673E-02,  5.30822E-02,  4.46839E-02,  3.69256E-02,  3.00174E-02,  2.40477E-02,  1.90132E-02,  1.48515E-02,  1.14674E-02,  8.75276E-03,  6.60030E-03,  4.91065E-03,  3.59624E-03,  2.58229E-03,  1.80636E-03,  1.21721E-03,  7.73328E-04,  4.41502E-04,  1.95429E-04,  1.45091E-05, -1.17222E-04, -2.12008E-04, -2.79149E-04, -3.25646E-04, -3.56740E-04, -3.76332E-04, -3.87326E-04, -3.91883E-04, -3.91624E-04, -3.87769E-04, -3.81248E-04, -3.72776E-04, -3.62905E-04, -3.52066E-04,
 -3.18142E-04, -3.29358E-04, -3.39906E-04, -3.49414E-04, -3.57391E-04, -3.63191E-04, -3.65944E-04, -3.64474E-04, -3.57173E-04, -3.41824E-04, -3.15375E-04, -2.73613E-04, -2.10765E-04, -1.18963E-04,  1.24078E-05,  1.97531E-04,  4.55157E-04,  8.09817E-04,  1.29329E-03,  1.94639E-03,  2.82102E-03,  3.98266E-03,  5.51294E-03,  7.51221E-03,  1.01013E-02,  1.34217E-02,  1.76313E-02,  2.28954E-02,  2.93678E-02,  3.71609E-02,  4.63035E-02,  5.66897E-02,  6.80270E-02,  7.97993E-02,  9.12660E-02,  1.01515E-01,  1.09581E-01,  1.14604E-01,  1.16009E-01,  1.13629E-01,  1.07744E-01,  9.90203E-02,  8.83607E-02,  7.67321E-02,  6.50104E-02,  5.38803E-02,  4.37979E-02,  3.50026E-02,  2.75602E-02,  2.14153E-02,  1.64412E-02,  1.24788E-02,  9.36338E-03,  6.94053E-03,  5.07406E-03,  3.64856E-03,  2.56875E-03,  1.75747E-03,  1.15301E-03,  7.06580E-04,  3.79903E-04,  1.43244E-04, -2.62939E-05, -1.46165E-04, -2.29537E-04, -2.86237E-04, -3.23531E-04, -3.46740E-04, -3.59740E-04, -3.65339E-04, -3.65576E-04, -3.61931E-04, -3.55492E-04, -3.47062E-04, -3.37242E-04, -3.26488E-04, -3.15148E-04,
 -2.75332E-04, -2.86669E-04, -2.97716E-04, -3.08190E-04, -3.17712E-04, -3.25760E-04, -3.31606E-04, -3.34232E-04, -3.32187E-04, -3.23410E-04, -3.04965E-04, -2.72694E-04, -2.20761E-04, -1.41047E-04, -2.23926E-05,  1.50361E-04,  3.97578E-04,  7.46340E-04,  1.23234E-03,  1.90227E-03,  2.81682E-03,  4.05435E-03,  5.71527E-03,  7.92674E-03,  1.08471E-02,  1.46688E-02,  1.96165E-02,  2.59385E-02,  3.38841E-02,  4.36649E-02,  5.53939E-02,  6.90063E-02,  8.41720E-02,  1.00222E-01,  1.16123E-01,  1.30545E-01,  1.42024E-01,  1.49229E-01,  1.51251E-01,  1.47826E-01,  1.39400E-01,  1.27017E-01,  1.12071E-01,  9.60121E-02,  8.01075E-02,  6.52962E-02,  5.21543E-02,  4.09347E-02,  3.16475E-02,  2.41471E-02,  1.82072E-02,  1.35757E-02,  1.00089E-02,  7.29012E-03,  5.23581E-03,  3.69612E-03,  2.55131E-03,  1.70716E-03,  1.09030E-03,  6.44014E-04,  3.24722E-04,  9.91827E-05, -5.77697E-05, -1.65014E-04, -2.36565E-04, -2.82706E-04, -3.10895E-04, -3.26482E-04, -3.33266E-04, -3.33926E-04, -3.30343E-04, -3.23840E-04, -3.15349E-04, -3.05536E-04, -2.94881E-04, -2.83735E-04, -2.72359E-04,
 -2.26035E-04, -2.36921E-04, -2.47849E-04, -2.58630E-04, -2.68993E-04, -2.78546E-04, -2.86714E-04, -2.92642E-04, -2.95059E-04, -2.92077E-04, -2.80909E-04, -2.57495E-04, -2.15987E-04, -1.48079E-04, -4.21522E-05,  1.17841E-04,  3.53794E-04,  6.95281E-04,  1.18194E-03,  1.86659E-03,  2.81935E-03,  4.13286E-03,  5.92897E-03,  8.36650E-03,  1.16496E-02,  1.60350E-02,  2.18348E-02,  2.94099E-02,  3.91464E-02,  5.14059E-02,  6.64428E-02,  8.42857E-02,  1.04595E-01,  1.26526E-01,  1.48658E-01,  1.69050E-01,  1.85487E-01,  1.95893E-01,  1.98827E-01,  1.93862E-01,  1.81714E-01,  1.64034E-01,  1.42981E-01,  1.20733E-01,  9.91104E-02,  7.93842E-02,  6.22562E-02,  4.79562E-02,  3.63838E-02,  2.72466E-02,  2.01702E-02,  1.47714E-02,  1.07007E-02,  7.66006E-03,  5.40709E-03,  3.75018E-03,  2.54095E-03,  1.66585E-03,  1.03868E-03,  5.94277E-04,  2.83607E-04,  6.99154E-05, -7.41692E-05, -1.68861E-04, -2.28934E-04, -2.65049E-04, -2.84796E-04, -2.93503E-04, -2.94856E-04, -2.91373E-04, -2.84759E-04, -2.76162E-04, -2.66352E-04, -2.55849E-04, -2.45008E-04, -2.34076E-04, -2.23224E-04,
 -1.69800E-04, -1.79563E-04, -1.89635E-04, -1.99913E-04, -2.10236E-04, -2.20337E-04, -2.29790E-04, -2.37909E-04, -2.43604E-04, -2.45173E-04, -2.39997E-04, -2.24138E-04, -1.91776E-04, -1.34479E-04, -4.02363E-05,  1.07793E-04,  3.32929E-04,  6.67146E-04,  1.15400E-03,  1.85258E-03,  2.84290E-03,  4.23314E-03,  6.16909E-03,  8.84602E-03,  1.25224E-02,  1.75339E-02,  2.43032E-02,  3.33393E-02,  4.52158E-02,  6.05122E-02,  7.97060E-02,  1.03004E-01,  1.30117E-01,  1.60028E-01,  1.90816E-01,  2.19682E-01,  2.43277E-01,  2.58362E-01,  2.62634E-01,  2.55409E-01,  2.37836E-01,  2.12539E-01,  1.82864E-01,  1.52067E-01,  1.22737E-01,  9.65519E-02,  7.43187E-02,  5.61733E-02,  4.18192E-02,  3.07388E-02,  2.23457E-02,  1.60795E-02,  1.14525E-02,  8.06505E-03,  5.60297E-03,  3.82557E-03,  2.55171E-03,  1.64642E-03,  1.00967E-03,  5.67507E-04,  2.65334E-04,  6.29420E-05, -6.91447E-05, -1.52375E-04, -2.02194E-04, -2.29571E-04, -2.42179E-04, -2.45283E-04, -2.42432E-04, -2.35972E-04, -2.27421E-04, -2.17746E-04, -2.07554E-04, -1.97223E-04, -1.86986E-04, -1.76987E-04, -1.67315E-04,
 -1.06235E-04, -1.14109E-04, -1.22472E-04, -1.31299E-04, -1.40524E-04, -1.49999E-04, -1.59435E-04, -1.68306E-04, -1.75697E-04, -1.80084E-04, -1.79019E-04, -1.68694E-04, -1.43340E-04, -9.44323E-05, -9.63031E-06,  1.28620E-04,  3.44957E-04,  6.73642E-04,  1.16206E-03,  1.87559E-03,  2.90447E-03,  4.37331E-03,  6.45396E-03,  9.38245E-03,  1.34797E-02,  1.91745E-02,  2.70243E-02,  3.77253E-02,  5.20969E-02,  7.10204E-02,  9.53059E-02,  1.25464E-01,  1.61373E-01,  2.01886E-01,  2.44483E-01,  2.85189E-01,  3.18986E-01,  3.40831E-01,  3.47051E-01,  3.36540E-01,  3.11151E-01,  2.75049E-01,  2.33397E-01,  1.91016E-01,  1.51518E-01,  1.17044E-01,  8.84345E-02,  6.56104E-02,  4.79552E-02,  3.46227E-02,  2.47381E-02,  1.75104E-02,  1.22794E-02,  8.52271E-03,  5.84188E-03,  3.94020E-03,  2.60020E-03,  1.66377E-03,  1.01634E-03,  5.74949E-04,  2.79451E-04,  8.62859E-05, -3.60121E-05, -1.10026E-04, -1.51794E-04, -1.72546E-04, -1.79998E-04, -1.79342E-04, -1.73983E-04, -1.66090E-04, -1.57003E-04, -1.47518E-04, -1.38088E-04, -1.28957E-04, -1.20247E-04, -1.12010E-04, -1.04263E-04,
 -3.50287E-05, -4.01645E-05, -4.58596E-05, -5.21536E-05, -5.90597E-05, -6.65294E-05, -7.43929E-05, -8.22604E-05, -8.93694E-05, -9.43553E-05, -9.49220E-05, -8.73780E-05, -6.60021E-05, -2.21884E-05,  5.66995E-05,  1.88866E-04,  4.00176E-04,  7.27052E-04,  1.22057E-03,  1.95230E-03,  3.02278E-03,  4.57352E-03,  6.80382E-03,  9.99366E-03,  1.45328E-02,  2.09557E-02,  2.99765E-02,  4.25161E-02,  5.97010E-02,  8.28080E-02,  1.13114E-01,  1.51604E-01,  1.98508E-01,  2.52672E-01,  3.10924E-01,  3.67752E-01,  4.15754E-01,  4.47163E-01,  4.56160E-01,  4.40971E-01,  4.04562E-01,  3.53493E-01,  2.95641E-01,  2.38017E-01,  1.85528E-01,  1.40770E-01,  1.04472E-01,  7.61524E-02,  5.47130E-02,  3.88553E-02,  2.73318E-02,  1.90669E-02,  1.31950E-02,  9.05187E-03,  6.14419E-03,  4.11392E-03,  2.70464E-03,  1.73400E-03,  1.07257E-03,  6.28350E-04,  3.35778E-04,  1.48077E-04,  3.19074E-05, -3.63603E-05, -7.33070E-05, -9.03906E-05, -9.53695E-05, -9.33643E-05, -8.76501E-05, -8.02422E-05, -7.23211E-05, -6.45340E-05, -5.72012E-05, -5.04533E-05, -4.43181E-05, -3.87731E-05, -3.37753E-05,
  4.40337E-05,  4.25586E-05,  4.05801E-05,  3.80151E-05,  3.47932E-05,  3.08901E-05,  2.63870E-05,  2.15691E-05,  1.70829E-05,  1.41720E-05,  1.50206E-05,  2.32389E-05,  4.45303E-05,  8.75992E-05,  1.65376E-04,  2.96685E-04,  5.08543E-04,  8.39409E-04,  1.34386E-03,  2.09946E-03,  3.21678E-03,  4.85414E-03,  7.23863E-03,  1.06955E-02,  1.56870E-02,  2.28608E-02,  3.31038E-02,  4.75911E-02,  6.78099E-02,  9.55226E-02,  1.32616E-01,  1.80755E-01,  2.40769E-01,  3.11723E-01,  3.89837E-01,  4.67722E-01,  5.34741E-01,  5.79182E-01,  5.91995E-01,  5.70384E-01,  5.19017E-01,  4.48030E-01,  3.69170E-01,  2.92360E-01,  2.24022E-01,  1.67098E-01,  1.21960E-01,  8.74854E-02,  6.19032E-02,  4.33357E-02,  3.00832E-02,  2.07395E-02,  1.42082E-02,  9.66992E-03,  6.53025E-03,  4.36687E-03,  2.88345E-03,  1.87324E-03,  1.19208E-03,  7.39176E-04,  4.43774E-04,  2.56043E-04,  1.40882E-04,  7.36729E-05,  3.73178E-05,  2.01248E-05,  1.42739E-05,  1.46825E-05,  1.81677E-05,  2.28302E-05,  2.76099E-05,  3.19736E-05,  3.57012E-05,  3.87470E-05,  4.11515E-05,  4.29907E-05,  4.43479E-05,
  1.31057E-04,  1.34219E-04,  1.37076E-04,  1.39527E-04,  1.41471E-04,  1.42846E-04,  1.43683E-04,  1.44206E-04,  1.44996E-04,  1.47229E-04,  1.53036E-04,  1.66005E-04,  1.91879E-04,  2.39507E-04,  3.22145E-04,  4.59235E-04,  6.78902E-04,  1.02152E-03,  1.54495E-03,  2.33234E-03,  3.50374E-03,  5.23343E-03,  7.77522E-03,  1.14984E-02,  1.69369E-02,  2.48524E-02,  3.63090E-02,  5.27495E-02,  7.60527E-02,  1.08531E-01,  1.52800E-01,  2.11402E-01,  2.86045E-01,  3.76320E-01,  4.78022E-01,  5.81679E-01,  6.72583E-01,  7.33706E-01,  7.51453E-01,  7.21553E-01,  6.51116E-01,  5.55265E-01,  4.50888E-01,  3.51478E-01,  2.65050E-01,  1.94655E-01,  1.39998E-01,  9.90547E-02,  6.92070E-02,  4.78953E-02,  3.29141E-02,  2.25012E-02,  1.53190E-02,  1.03897E-02,  7.01759E-03,  4.71721E-03,  3.15345E-03,  2.09617E-03,  1.38727E-03,  9.17697E-04,  6.11817E-04,  4.16949E-04,  2.96328E-04,  2.24382E-04,  1.83485E-04,  1.61675E-04,  1.51019E-04,  1.46417E-04,  1.44718E-04,  1.44081E-04,  1.43514E-04,  1.42548E-04,  1.41022E-04,  1.38938E-04,  1.36371E-04,  1.33425E-04,  1.30199E-04,
  2.26023E-04,  2.34830E-04,  2.43688E-04,  2.52501E-04,  2.61176E-04,  2.69649E-04,  2.77946E-04,  2.86285E-04,  2.95241E-04,  3.05992E-04,  3.20691E-04,  3.42979E-04,  3.78719E-04,  4.36981E-04,  5.31403E-04,  6.82075E-04,  9.18199E-04,  1.28194E-03,  1.83417E-03,  2.66305E-03,  3.89713E-03,  5.72497E-03,  8.42436E-03,  1.24044E-02,  1.82643E-02,  2.68708E-02,  3.94541E-02,  5.77131E-02,  8.39115E-02,  1.20921E-01,  1.72133E-01,  2.41082E-01,  3.30566E-01,  4.41010E-01,  5.68081E-01,  7.00272E-01,  8.18314E-01,  8.98760E-01,  9.22276E-01,  8.82696E-01,  7.90264E-01,  6.66339E-01,  5.33917E-01,  4.10389E-01,  3.05221E-01,  2.21253E-01,  1.57241E-01,  1.10069E-01,  7.61812E-02,  5.23005E-02,  3.57118E-02,  2.43059E-02,  1.65159E-02,  1.12162E-02,  7.61813E-03,  5.17868E-03,  3.52783E-03,  2.41448E-03,  1.66803E-03,  1.17204E-03,  8.46472E-04,  6.36032E-04,  5.02379E-04,  4.18998E-04,  3.67696E-04,  3.36177E-04,  3.16322E-04,  3.02930E-04,  2.92805E-04,  2.84093E-04,  2.75801E-04,  2.67469E-04,  2.58941E-04,  2.50221E-04,  2.41387E-04,  2.32533E-04,  2.23753E-04,
  3.28778E-04,  3.44250E-04,  3.60288E-04,  3.76839E-04,  3.93847E-04,  4.11293E-04,  4.29249E-04,  4.47987E-04,  4.68143E-04,  4.90977E-04,  5.18746E-04,  5.55243E-04,  6.06542E-04,  6.82024E-04,  7.95788E-04,  9.68616E-04,  1.23077E-03,  1.62606E-03,  2.21799E-03,  3.09901E-03,  4.40471E-03,  6.33535E-03,  9.18815E-03,  1.34044E-02,  1.96362E-02,  2.88360E-02,  4.23702E-02,  6.21512E-02,  9.07698E-02,  1.31587E-01,  1.88694E-01,  2.66566E-01,  3.69103E-01,  4.97697E-01,  6.48171E-01,  8.07360E-01,  9.51675E-01,  1.05116E+00,  1.08042E+00,  1.03122E+00,  9.17201E-01,  7.66248E-01,  6.07463E-01,  4.61831E-01,  3.39903E-01,  2.44064E-01,  1.72018E-01,  1.19575E-01,  8.22994E-02,  5.62717E-02,  3.83358E-02,  2.60890E-02,  1.77740E-02,  1.21443E-02,  8.33563E-03,  5.75840E-03,  4.01435E-03,  2.83535E-03,  2.04054E-03,  1.50729E-03,  1.15182E-03,  9.16486E-04,  7.61494E-04,  6.59379E-04,  5.91325E-04,  5.44624E-04,  5.10874E-04,  4.84680E-04,  4.62712E-04,  4.43014E-04,  4.24522E-04,  4.06714E-04,  3.89384E-04,  3.72490E-04,  3.56067E-04,  3.40171E-04,  3.24853E-04,
  4.39030E-04,  4.62169E-04,  4.86556E-04,  5.12205E-04,  5.39143E-04,  5.67435E-04,  5.97257E-04,  6.28995E-04,  6.63422E-04,  7.01959E-04,  7.47061E-04,  8.02768E-04,  8.75469E-04,  9.74952E-04,  1.11586E-03,  1.31970E-03,  1.61777E-03,  2.05534E-03,  2.69807E-03,  3.64172E-03,  5.02703E-03,  7.06250E-03,  1.00586E-02,  1.44781E-02,  2.10078E-02,  3.06559E-02,  4.48779E-02,  6.57256E-02,  9.60065E-02,  1.39410E-01,  2.00509E-01,  2.84443E-01,  3.95926E-01,  5.37117E-01,  7.04091E-01,  8.82639E-01,  1.04611E+00,  1.15967E+00,  1.19319E+00,  1.13685E+00,  1.00692E+00,  8.36347E-01,  6.58741E-01,  4.97592E-01,  3.64074E-01,  2.60121E-01,  1.82625E-01,  1.26613E-01,  8.70303E-02,  5.95217E-02,  4.06348E-02,  2.77735E-02,  1.90563E-02,  1.31577E-02,  9.16407E-03,  6.45523E-03,  4.61394E-03,  3.36037E-03,  2.50641E-03,  1.92485E-03,  1.52893E-03,  1.25908E-03,  1.07416E-03,  9.45784E-04,  8.54452E-04,  7.86954E-04,  7.34509E-04,  6.91428E-04,  6.54147E-04,  6.20524E-04,  5.89339E-04,  5.59941E-04,  5.32011E-04,  5.05413E-04,  4.80093E-04,  4.56032E-04,  4.33214E-04,
  5.56346E-04,  5.88112E-04,  6.21967E-04,  6.58026E-04,  6.96431E-04,  7.37383E-04,  7.81209E-04,  8.28475E-04,  8.80161E-04,  9.37932E-04,  1.00453E-03,  1.08434E-03,  1.18415E-03,  1.31426E-03,  1.48991E-03,  1.73338E-03,  2.07688E-03,  2.56691E-03,  3.27072E-03,  4.28614E-03,  5.75681E-03,  7.89521E-03,  1.10175E-02,  1.55949E-02,  2.23264E-02,  3.22388E-02,  4.68154E-02,  6.81509E-02,  9.91173E-02,  1.43502E-01,  2.06022E-01,  2.92016E-01,  4.06443E-01,  5.51698E-01,  7.23938E-01,  9.08639E-01,  1.07820E+00,  1.19624E+00,  1.23113E+00,  1.17251E+00,  1.03751E+00,  8.60701E-01,  6.77110E-01,  5.10999E-01,  3.73726E-01,  2.67083E-01,  1.87717E-01,  1.30414E-01,  8.99389E-02,  6.18041E-02,  4.24693E-02,  2.92803E-02,  2.03173E-02,  1.42298E-02,  1.00875E-02,  7.25918E-03,  5.32000E-03,  3.98494E-03,  3.06224E-03,  2.42202E-03,  1.97560E-03,  1.66193E-03,  1.43874E-03,  1.27676E-03,  1.15576E-03,  1.06198E-03,  9.86150E-04,  9.22192E-04,  8.66216E-04,  8.15806E-04,  7.69508E-04,  7.26471E-04,  6.86207E-04,  6.48428E-04,  6.12954E-04,  5.79654E-04,  5.48412E-04,
  6.80155E-04,  7.21439E-04,  7.65801E-04,  8.13489E-04,  8.64794E-04,  9.20094E-04,  9.79920E-04,  1.04507E-03,  1.11681E-03,  1.19711E-03,  1.28908E-03,  1.39754E-03,  1.52977E-03,  1.69662E-03,  1.91398E-03,  2.20486E-03,  2.60229E-03,  3.15363E-03,  3.92697E-03,  5.02089E-03,  6.57925E-03,  8.81390E-03,  1.20384E-02,  1.67180E-02,  2.35396E-02,  3.35080E-02,  4.80683E-02,  6.92518E-02,  9.98291E-02,  1.43430E-01,  2.04536E-01,  2.88153E-01,  3.98825E-01,  5.38532E-01,  7.03251E-01,  8.78898E-01,  1.03933E+00,  1.15058E+00,  1.18340E+00,  1.12824E+00,  1.00090E+00,  8.33402E-01,  6.58560E-01,  4.99466E-01,  3.67241E-01,  2.63953E-01,  1.86675E-01,  1.30595E-01,  9.07824E-02,  6.29624E-02,  4.37364E-02,  3.05399E-02,  2.15092E-02,  1.53268E-02,  1.10815E-02,  8.15210E-03,  6.11875E-03,  4.69838E-03,  3.69956E-03,  2.99202E-03,  2.48630E-03,  2.12048E-03,  1.85144E-03,  1.64910E-03,  1.49255E-03,  1.36739E-03,  1.26380E-03,  1.17525E-03,  1.09742E-03,  1.02755E-03,  9.63884E-04,  9.05299E-04,  8.51081E-04,  8.00749E-04,  7.53953E-04,  7.10414E-04,  6.69893E-04,
  8.09756E-04,  8.61354E-04,  9.17152E-04,  9.77557E-04,  1.04304E-03,  1.11420E-03,  1.19180E-03,  1.27695E-03,  1.37121E-03,  1.47696E-03,  1.59774E-03,  1.73884E-03,  1.90809E-03,  2.11696E-03,  2.38195E-03,  2.72674E-03,  3.18496E-03,  3.80440E-03,  4.65318E-03,  5.82903E-03,  7.47338E-03,  9.79259E-03,  1.30894E-02,  1.78090E-02,  2.46027E-02,  3.44150E-02,  4.85908E-02,  6.90012E-02,  9.81654E-02,  1.39331E-01,  1.96420E-01,  2.73672E-01,  3.74700E-01,  5.00611E-01,  6.47107E-01,  8.01296E-01,  9.40477E-01,  1.03613E+00,  1.06421E+00,  1.01698E+00,  9.07278E-01,  7.61546E-01,  6.07553E-01,  4.65568E-01,  3.45995E-01,  2.51405E-01,  1.79796E-01,  1.27256E-01,  8.95666E-02,  6.29625E-02,  4.43886E-02,  3.15046E-02,  2.25889E-02,  1.64121E-02,  1.21158E-02,  9.10941E-03,  6.99035E-03,  5.48467E-03,  4.40546E-03,  3.62436E-03,  3.05246E-03,  2.62770E-03,  2.30644E-03,  2.05799E-03,  1.86079E-03,  1.69979E-03,  1.56462E-03,  1.44817E-03,  1.34570E-03,  1.25400E-03,  1.17094E-03,  1.09510E-03,  1.02549E-03,  9.61376E-04,  9.02212E-04,  8.47543E-04,  7.96977E-04,
  9.44327E-04,  1.00692E-03,  1.07494E-03,  1.14899E-03,  1.22974E-03,  1.31803E-03,  1.41491E-03,  1.52181E-03,  1.64067E-03,  1.77430E-03,  1.92670E-03,  2.10370E-03,  2.31370E-03,  2.56873E-03,  2.88593E-03,  3.28944E-03,  3.81323E-03,  4.50501E-03,  5.43201E-03,  6.68958E-03,  8.41401E-03,  1.08017E-02,  1.41371E-02,  1.88330E-02,  2.54856E-02,  3.49473E-02,  4.84148E-02,  6.75252E-02,  9.44400E-02,  1.31875E-01,  1.82999E-01,  2.51056E-01,  3.38510E-01,  4.45499E-01,  5.67630E-01,  6.93815E-01,  8.05865E-01,  8.81925E-01,  9.04116E-01,  8.66756E-01,  7.79289E-01,  6.61499E-01,  5.34882E-01,  4.15924E-01,  3.13821E-01,  2.31555E-01,  1.68194E-01,  1.20951E-01,  8.65439E-02,  6.18990E-02,  4.44425E-02,  3.21553E-02,  2.35241E-02,  1.74509E-02,  1.31578E-02,  1.01026E-02,  7.91075E-03,  6.32384E-03,  5.16347E-03,  4.30552E-03,  3.66300E-03,  3.17446E-03,  2.79622E-03,  2.49720E-03,  2.25530E-03,  2.05487E-03,  1.88496E-03,  1.73792E-03,  1.60846E-03,  1.49294E-03,  1.38881E-03,  1.29428E-03,  1.20805E-03,  1.12911E-03,  1.05669E-03,  9.90133E-04,  9.28872E-04,
  1.08294E-03,  1.15707E-03,  1.23795E-03,  1.32637E-03,  1.42324E-03,  1.52966E-03,  1.64699E-03,  1.77700E-03,  1.92205E-03,  2.08539E-03,  2.27151E-03,  2.48679E-03,  2.74017E-03,  3.04424E-03,  3.41659E-03,  3.88170E-03,  4.47351E-03,  5.23908E-03,  6.24385E-03,  7.57927E-03,  9.37413E-03,  1.18111E-02,  1.51503E-02,  1.97630E-02,  2.61761E-02,  3.51294E-02,  4.76412E-02,  6.50747E-02,  8.91824E-02,  1.22093E-01,  1.66174E-01,  2.23665E-01,  2.95960E-01,  3.82431E-01,  4.78917E-01,  5.76467E-01,  6.61472E-01,  7.18377E-01,  7.34864E-01,  7.07077E-01,  6.41440E-01,  5.51676E-01,  4.53257E-01,  3.58723E-01,  2.75711E-01,  2.07314E-01,  1.53497E-01,  1.12553E-01,  8.21546E-02,  5.99743E-02,  4.39739E-02,  3.25041E-02,  2.42973E-02,  1.84141E-02,  1.41763E-02,  1.11023E-02,  8.85388E-03,  7.19360E-03,  5.95486E-03,  5.01991E-03,  4.30499E-03,  3.75007E-03,  3.31192E-03,  2.95938E-03,  2.66996E-03,  2.42754E-03,  2.22058E-03,  2.04091E-03,  1.88271E-03,  1.74184E-03,  1.61533E-03,  1.50099E-03,  1.39717E-03,  1.30260E-03,  1.21622E-03,  1.13716E-03,  1.06468E-03,
  1.22460E-03,  1.31065E-03,  1.40484E-03,  1.50815E-03,  1.62174E-03,  1.74698E-03,  1.88555E-03,  2.03959E-03,  2.21187E-03,  2.40608E-03,  2.62724E-03,  2.88220E-03,  3.18044E-03,  3.53498E-03,  3.96375E-03,  4.49129E-03,  5.15117E-03,  5.98922E-03,  7.06819E-03,  8.47437E-03,  1.03271E-02,  1.27926E-02,  1.61027E-02,  2.05817E-02,  2.66799E-02,  3.50154E-02,  4.64190E-02,  6.19727E-02,  8.30232E-02,  1.11138E-01,  1.47956E-01,  1.94866E-01,  2.52440E-01,  3.19614E-01,  3.92752E-01,  4.65021E-01,  5.26779E-01,  5.67542E-01,  5.79269E-01,  5.59483E-01,  5.12321E-01,  4.46802E-01,  3.73472E-01,  3.01362E-01,  2.36455E-01,  1.81636E-01,  1.37453E-01,  1.03051E-01,  7.69326E-02,  5.74558E-02,  4.31009E-02,  3.25891E-02,  2.49063E-02,  1.92813E-02,  1.51440E-02,  1.20806E-02,  9.79382E-03,  8.07106E-03,  6.75996E-03,  5.75088E-03,  4.96445E-03,  4.34285E-03,  3.84382E-03,  3.43642E-03,  3.09803E-03,  2.81214E-03,  2.56676E-03,  2.35319E-03,  2.16510E-03,  1.99788E-03,  1.84810E-03,  1.71319E-03,  1.59113E-03,  1.48034E-03,  1.37950E-03,  1.28752E-03,  1.20344E-03,
  1.36822E-03,  1.46643E-03,  1.57418E-03,  1.69267E-03,  1.82330E-03,  1.96772E-03,  2.12793E-03,  2.30644E-03,  2.50641E-03,  2.73199E-03,  2.98864E-03,  3.28370E-03,  3.62706E-03,  4.03207E-03,  4.51682E-03,  5.10566E-03,  5.83137E-03,  6.73803E-03,  7.88498E-03,  9.35232E-03,  1.12487E-02,  1.37221E-02,  1.69745E-02,  2.12814E-02,  2.70161E-02,  3.46771E-02,  4.49162E-02,  5.85547E-02,  7.65767E-02,  1.00071E-01,  1.30091E-01,  1.67391E-01,  2.12021E-01,  2.62784E-01,  3.16713E-01,  3.68816E-01,  4.12514E-01,  4.40973E-01,  4.49106E-01,  4.35369E-01,  4.02348E-01,  3.55784E-01,  3.02621E-01,  2.49116E-01,  1.99742E-01,  1.56965E-01,  1.21601E-01,  9.33701E-02,  7.14059E-02,  5.46266E-02,  4.19612E-02,  3.24650E-02,  2.53612E-02,  2.00405E-02,  1.60395E-02,  1.30129E-02,  1.07066E-02,  8.93424E-03,  7.55940E-03,  6.48173E-03,  5.62716E-03,  4.94079E-03,  4.38180E-03,  3.91985E-03,  3.53240E-03,  3.20274E-03,  2.91851E-03,  2.67056E-03,  2.45211E-03,  2.25807E-03,  2.08460E-03,  1.92872E-03,  1.78806E-03,  1.66074E-03,  1.54516E-03,  1.44000E-03,  1.34411E-03,
  1.51270E-03,  1.62312E-03,  1.74449E-03,  1.87822E-03,  2.02594E-03,  2.18956E-03,  2.37141E-03,  2.57434E-03,  2.80189E-03,  3.05862E-03,  3.35041E-03,  3.68498E-03,  4.07255E-03,  4.52668E-03,  5.06538E-03,  5.71254E-03,  6.49982E-03,  7.46908E-03,  8.67566E-03,  1.01929E-02,  1.21179E-02,  1.45803E-02,  1.77522E-02,  2.18623E-02,  2.72115E-02,  3.41900E-02,  4.32912E-02,  5.51150E-02,  7.03489E-02,  8.97101E-02,  1.13828E-01,  1.43044E-01,  1.77138E-01,  2.14987E-01,  2.54291E-01,  2.91503E-01,  3.22201E-01,  3.41965E-01,  3.47582E-01,  3.38087E-01,  3.15099E-01,  2.82260E-01,  2.44102E-01,  2.04884E-01,  1.67841E-01,  1.34951E-01,  1.07068E-01,  8.42371E-02,  6.60166E-02,  5.17393E-02,  4.06872E-02,  3.21918E-02,  2.56804E-02,  2.06873E-02,  1.68471E-02,  1.38792E-02,  1.15712E-02,  9.76328E-03,  8.33517E-03,  7.19657E-03,  6.27938E-03,  5.53212E-03,  4.91587E-03,  4.40121E-03,  3.96593E-03,  3.59330E-03,  3.27073E-03,  2.98872E-03,  2.74009E-03,  2.51933E-03,  2.32220E-03,  2.14534E-03,  1.98606E-03,  1.84216E-03,  1.71179E-03,  1.59339E-03,  1.48562E-03,
  1.65692E-03,  1.77944E-03,  1.91429E-03,  2.06308E-03,  2.22764E-03,  2.41016E-03,  2.61326E-03,  2.84009E-03,  3.09456E-03,  3.38156E-03,  3.70734E-03,  4.07991E-03,  4.50971E-03,  5.01032E-03,  5.59952E-03,  6.30047E-03,  7.14339E-03,  8.16756E-03,  9.42395E-03,  1.09788E-02,  1.29179E-02,  1.53527E-02,  1.84276E-02,  2.23287E-02,  2.72934E-02,  3.36196E-02,  4.16707E-02,  5.18711E-02,  6.46850E-02,  8.05655E-02,  9.98643E-02,  1.22692E-01,  1.48734E-01,  1.77046E-01,  2.05902E-01,  2.32799E-01,  2.54721E-01,  2.68720E-01,  2.72684E-01,  2.65980E-01,  2.49669E-01,  2.26154E-01,  1.98469E-01,  1.69543E-01,  1.41689E-01,  1.16421E-01,  9.45020E-02,  7.61159E-02,  6.10733E-02,  4.89847E-02,  3.93871E-02,  3.18235E-02,  2.58838E-02,  2.12219E-02,  1.75564E-02,  1.46641E-02,  1.23707E-02,  1.05411E-02,  9.07132E-03,  7.88104E-03,  6.90841E-03,  6.10580E-03,  5.43651E-03,  4.87235E-03,  4.39168E-03,  3.97794E-03,  3.61844E-03,  3.30344E-03,  3.02544E-03,  2.77858E-03,  2.55827E-03,  2.36081E-03,  2.18319E-03,  2.02293E-03,  1.87793E-03,  1.74643E-03,  1.62689E-03,
  1.79974E-03,  1.93409E-03,  2.08210E-03,  2.24553E-03,  2.42644E-03,  2.62724E-03,  2.85081E-03,  3.10059E-03,  3.38078E-03,  3.69658E-03,  4.05448E-03,  4.46271E-03,  4.93180E-03,  5.47522E-03,  6.11027E-03,  6.85922E-03,  7.75056E-03,  8.82075E-03,  1.01163E-02,  1.16962E-02,  1.36355E-02,  1.60289E-02,  1.89961E-02,  2.26863E-02,  2.72842E-02,  3.30134E-02,  4.01368E-02,  4.89493E-02,  5.97585E-02,  7.28453E-02,  8.83994E-02,  1.06425E-01,  1.26618E-01,  1.48238E-01,  1.70012E-01,  1.90132E-01,  2.06441E-01,  2.16825E-01,  2.19762E-01,  2.14794E-01,  2.02688E-01,  1.85174E-01,  1.64424E-01,  1.42537E-01,  1.21188E-01,  1.01507E-01,  8.41104E-02,  6.92081E-02,  5.67373E-02,  4.64766E-02,  3.81331E-02,  3.13999E-02,  2.59888E-02,  2.16470E-02,  1.81611E-02,  1.53563E-02,  1.30914E-02,  1.12539E-02,  9.75446E-03,  8.52270E-03,  7.50307E-03,  6.65193E-03,  5.93508E-03,  5.32579E-03,  4.80321E-03,  4.35112E-03,  3.95688E-03,  3.61065E-03,  3.30469E-03,  3.03287E-03,  2.79028E-03,  2.57293E-03,  2.37756E-03,  2.20142E-03,  2.04218E-03,  1.89789E-03,  1.76683E-03,
  1.94008E-03,  2.08585E-03,  2.24649E-03,  2.42395E-03,  2.62046E-03,  2.83864E-03,  3.08158E-03,  3.35296E-03,  3.65721E-03,  3.99977E-03,  4.38731E-03,  4.82817E-03,  5.33282E-03,  5.91447E-03,  6.58983E-03,  7.38001E-03,  8.31166E-03,  9.41828E-03,  1.07418E-02,  1.23345E-02,  1.42613E-02,  1.66022E-02,  1.94554E-02,  2.29398E-02,  2.71980E-02,  3.23969E-02,  3.87257E-02,  4.63892E-02,  5.55923E-02,  6.65122E-02,  7.92552E-02,  9.37928E-02,  1.09879E-01,  1.26957E-01,  1.44079E-01,  1.59884E-01,  1.72711E-01,  1.80896E-01,  1.83214E-01,  1.79294E-01,  1.69757E-01,  1.55988E-01,  1.39689E-01,  1.22464E-01,  1.05569E-01,  8.98466E-02,  7.57627E-02,  6.34980E-02,  5.30389E-02,  4.42552E-02,  3.69590E-02,  3.09435E-02,  2.60067E-02,  2.19649E-02,  1.86575E-02,  1.59482E-02,  1.37237E-02,  1.18908E-02,  1.03739E-02,  9.11134E-03,  8.05391E-03,  7.16199E-03,  6.40400E-03,  5.75487E-03,  5.19470E-03,  4.70780E-03,  4.28172E-03,  3.90661E-03,  3.57461E-03,  3.27938E-03,  3.01579E-03,  2.77963E-03,  2.56736E-03,  2.37604E-03,  2.20316E-03,  2.04656E-03,  1.90439E-03,
  2.07691E-03,  2.23352E-03,  2.40613E-03,  2.59681E-03,  2.80795E-03,  3.04234E-03,  3.30324E-03,  3.59453E-03,  3.92081E-03,  4.28766E-03,  4.70185E-03,  5.17173E-03,  5.70760E-03,  6.32227E-03,  7.03169E-03,  7.85573E-03,  8.81905E-03,  9.95216E-03,  1.12926E-02,  1.28864E-02,  1.47892E-02,  1.70683E-02,  1.98041E-02,  2.30913E-02,  2.70401E-02,  3.17754E-02,  3.74349E-02,  4.41631E-02,  5.21008E-02,  6.13668E-02,  7.20290E-02,  8.40608E-02,  9.72798E-02,  1.11270E-01,  1.25306E-01,  1.38307E-01,  1.48909E-01,  1.55704E-01,  1.57633E-01,  1.54372E-01,  1.46463E-01,  1.35096E-01,  1.21704E-01,  1.07590E-01,  9.37444E-02,  8.08052E-02,  6.91198E-02,  5.88230E-02,  4.99118E-02,  4.23016E-02,  3.58654E-02,  3.04602E-02,  2.59423E-02,  2.21771E-02,  1.90433E-02,  1.64348E-02,  1.42608E-02,  1.24444E-02,  1.09215E-02,  9.63905E-03,  8.55342E-03,  7.62902E-03,  6.83696E-03,  6.15393E-03,  5.56116E-03,  5.04358E-03,  4.58910E-03,  4.18795E-03,  3.83226E-03,  3.51558E-03,  3.23261E-03,  2.97895E-03,  2.75090E-03,  2.54533E-03,  2.35957E-03,  2.19131E-03,  2.03856E-03,
  2.20925E-03,  2.37601E-03,  2.55976E-03,  2.76269E-03,  2.98731E-03,  3.23653E-03,  3.51376E-03,  3.82298E-03,  4.16892E-03,  4.55724E-03,  4.99472E-03,  5.48959E-03,  6.05189E-03,  6.69393E-03,  7.43078E-03,  8.28096E-03,  9.26709E-03,  1.04168E-02,  1.17634E-02,  1.33470E-02,  1.52154E-02,  1.74251E-02,  2.00417E-02,  2.31411E-02,  2.68089E-02,  3.11398E-02,  3.62359E-02,  4.22021E-02,  4.91397E-02,  5.71343E-02,  6.62361E-02,  7.64277E-02,  8.75746E-02,  9.93565E-02,  1.11191E-01,  1.22187E-01,  1.31185E-01,  1.36968E-01,  1.38612E-01,  1.35833E-01,  1.29106E-01,  1.19468E-01,  1.08151E-01,  9.62570E-02,  8.45962E-02,  7.36760E-02,  6.37608E-02,  5.49488E-02,  4.72359E-02,  4.05602E-02,  3.48305E-02,  2.99436E-02,  2.57947E-02,  2.22836E-02,  1.93177E-02,  1.68138E-02,  1.46989E-02,  1.29096E-02,  1.13919E-02,  1.01002E-02,  8.99599E-03,  8.04767E-03,  7.22897E-03,  6.51842E-03,  5.89846E-03,  5.35479E-03,  4.87573E-03,  4.45178E-03,  4.07508E-03,  3.73920E-03,  3.43872E-03,  3.16914E-03,  2.92663E-03,  2.70792E-03,  2.51020E-03,  2.33107E-03,  2.16842E-03,
  2.33622E-03,  2.51233E-03,  2.70629E-03,  2.92036E-03,  3.15714E-03,  3.41964E-03,  3.71134E-03,  4.03632E-03,  4.39934E-03,  4.80605E-03,  5.26317E-03,  5.77874E-03,  6.36244E-03,  7.02595E-03,  7.78342E-03,  8.65192E-03,  9.65209E-03,  1.08086E-02,  1.21511E-02,  1.37142E-02,  1.55389E-02,  1.76723E-02,  2.01685E-02,  2.30883E-02,  2.64989E-02,  3.04732E-02,  3.50883E-02,  4.04226E-02,  4.65513E-02,  5.35384E-02,  6.14219E-02,  7.01880E-02,  7.97285E-02,  8.97806E-02,  9.98584E-02,  1.09210E-01,  1.16855E-01,  1.21765E-01,  1.23160E-01,  1.20802E-01,  1.15089E-01,  1.06898E-01,  9.72710E-02,  8.71385E-02,  7.71829E-02,  6.78261E-02,  5.92840E-02,  5.16351E-02,  4.48764E-02,  3.89612E-02,  3.38215E-02,  2.93806E-02,  2.55603E-02,  2.22842E-02,  1.94809E-02,  1.70846E-02,  1.50364E-02,  1.32841E-02,  1.17821E-02,  1.04911E-02,  9.37789E-03,  8.41418E-03,  7.57640E-03,  6.84490E-03,  6.20340E-03,  5.63847E-03,  5.13897E-03,  4.69567E-03,  4.30093E-03,  3.94831E-03,  3.63242E-03,  3.34868E-03,  3.09319E-03,  2.86259E-03,  2.65399E-03,  2.46488E-03,  2.29308E-03,
  2.45702E-03,  2.64159E-03,  2.84472E-03,  3.06871E-03,  3.31623E-03,  3.59033E-03,  3.89454E-03,  4.23294E-03,  4.61029E-03,  5.03217E-03,  5.50515E-03,  6.03699E-03,  6.63693E-03,  7.31598E-03,  8.08727E-03,  8.96644E-03,  9.97213E-03,  1.11264E-02,  1.24550E-02,  1.39882E-02,  1.57606E-02,  1.78118E-02,  2.01861E-02,  2.29326E-02,  2.61043E-02,  2.97581E-02,  3.39526E-02,  3.87469E-02,  4.41969E-02,  5.03490E-02,  5.72281E-02,  6.48152E-02,  7.30115E-02,  8.15873E-02,  9.01275E-02,  9.80011E-02,  1.04401E-01,  1.08493E-01,  1.09654E-01,  1.07692E-01,  1.02926E-01,  9.60596E-02,  8.79404E-02,  7.93389E-02,  7.08302E-02,  6.27766E-02,  5.53683E-02,  4.86788E-02,  4.27129E-02,  3.74385E-02,  3.28058E-02,  2.87578E-02,  2.52350E-02,  2.21793E-02,  1.95346E-02,  1.72489E-02,  1.52743E-02,  1.35677E-02,  1.20909E-02,  1.08104E-02,  9.69713E-03,  8.72633E-03,  7.87689E-03,  7.13100E-03,  6.47371E-03,  5.89246E-03,  5.37676E-03,  4.91777E-03,  4.50806E-03,  4.14135E-03,  3.81228E-03,  3.51627E-03,  3.24941E-03,  3.00828E-03,  2.78996E-03,  2.59187E-03,  2.41179E-03,
  2.57097E-03,  2.76305E-03,  2.97423E-03,  3.20686E-03,  3.46361E-03,  3.74754E-03,  4.06219E-03,  4.41160E-03,  4.80046E-03,  5.23422E-03,  5.71922E-03,  6.26291E-03,  6.87400E-03,  7.56275E-03,  8.34127E-03,  9.22377E-03,  1.02269E-02,  1.13703E-02,  1.26763E-02,  1.41709E-02,  1.58835E-02,  1.78470E-02,  2.00979E-02,  2.26755E-02,  2.56219E-02,  2.89811E-02,  3.27977E-02,  3.71154E-02,  4.19738E-02,  4.74031E-02,  5.34130E-02,  5.99740E-02,  6.69876E-02,  7.42465E-02,  8.13956E-02,  8.79160E-02,  9.31661E-02,  9.64993E-02,  9.74411E-02,  9.58478E-02,  9.19599E-02,  8.63145E-02,  7.95722E-02,  7.23512E-02,  6.51284E-02,  5.82178E-02,  5.17941E-02,  4.59345E-02,  4.06558E-02,  3.59415E-02,  3.17582E-02,  2.80649E-02,  2.48174E-02,  2.19710E-02,  1.94824E-02,  1.73100E-02,  1.54151E-02,  1.37623E-02,  1.23194E-02,  1.10581E-02,  9.95329E-03,  8.98327E-03,  8.12932E-03,  7.37544E-03,  6.70797E-03,  6.11534E-03,  5.58771E-03,  5.11670E-03,  4.69520E-03,  4.31709E-03,  3.97715E-03,  3.67086E-03,  3.39432E-03,  3.14413E-03,  2.91732E-03,  2.71133E-03,  2.52387E-03,
  2.67749E-03,  2.87607E-03,  3.09415E-03,  3.33407E-03,  3.59849E-03,  3.89045E-03,  4.21344E-03,  4.57142E-03,  4.96897E-03,  5.41134E-03,  5.90460E-03,  6.45580E-03,  7.07310E-03,  7.76598E-03,  8.54550E-03,  9.42446E-03,  1.04177E-02,  1.15423E-02,  1.28178E-02,  1.42662E-02,  1.59124E-02,  1.77835E-02,  1.99093E-02,  2.23212E-02,  2.50523E-02,  2.81361E-02,  3.16056E-02,  3.54915E-02,  3.98192E-02,  4.46035E-02,  4.98393E-02,  5.54856E-02,  6.14425E-02,  6.75227E-02,  7.34268E-02,  7.87395E-02,  8.29675E-02,  8.56291E-02,  8.63779E-02,  8.51103E-02,  8.20001E-02,  7.74410E-02,  7.19289E-02,  6.59434E-02,  5.98713E-02,  5.39813E-02,  4.84350E-02,  4.33145E-02,  3.86496E-02,  3.44388E-02,  3.06640E-02,  2.72980E-02,  2.43091E-02,  2.16643E-02,  1.93300E-02,  1.72734E-02,  1.54636E-02,  1.38714E-02,  1.24702E-02,  1.12360E-02,  1.01474E-02,  9.18540E-03,  8.33366E-03,  7.57784E-03,  6.90562E-03,  6.30638E-03,  5.77099E-03,  5.29161E-03,  4.86145E-03,  4.47467E-03,  4.12621E-03,  3.81165E-03,  3.52717E-03,  3.26940E-03,  3.03541E-03,  2.82262E-03,  2.62876E-03,
  2.77612E-03,  2.98017E-03,  3.20396E-03,  3.44980E-03,  3.72033E-03,  4.01851E-03,  4.34776E-03,  4.71191E-03,  5.11537E-03,  5.56317E-03,  6.06106E-03,  6.61564E-03,  7.23447E-03,  7.92626E-03,  8.70100E-03,  9.57014E-03,  1.05468E-02,  1.16457E-02,  1.28837E-02,  1.42795E-02,  1.58537E-02,  1.76286E-02,  1.96281E-02,  2.18771E-02,  2.44009E-02,  2.72243E-02,  3.03706E-02,  3.38593E-02,  3.77034E-02,  4.19048E-02,  4.64453E-02,  5.12751E-02,  5.62956E-02,  6.13405E-02,  6.61630E-02,  7.04388E-02,  7.37992E-02,  7.58956E-02,  7.64827E-02,  7.54881E-02,  7.30336E-02,  6.93993E-02,  6.49466E-02,  6.00379E-02,  5.49789E-02,  4.99951E-02,  4.52333E-02,  4.07778E-02,  3.66687E-02,  3.29177E-02,  2.95197E-02,  2.64595E-02,  2.37163E-02,  2.12665E-02,  1.90849E-02,  1.71462E-02,  1.54257E-02,  1.39001E-02,  1.25472E-02,  1.13471E-02,  1.02815E-02,  9.33422E-03,  8.49083E-03,  7.73871E-03,  7.06681E-03,  6.46549E-03,  5.92635E-03,  5.44209E-03,  5.00635E-03,  4.61357E-03,  4.25890E-03,  3.93809E-03,  3.64741E-03,  3.38358E-03,  3.14371E-03,  2.92527E-03,  2.72600E-03,
  2.86649E-03,  3.07498E-03,  3.30330E-03,  3.55371E-03,  3.82878E-03,  4.13141E-03,  4.46487E-03,  4.83286E-03,  5.23958E-03,  5.68979E-03,  6.18887E-03,  6.74296E-03,  7.35902E-03,  8.04493E-03,  8.80968E-03,  9.66339E-03,  1.06175E-02,  1.16848E-02,  1.28795E-02,  1.42173E-02,  1.57151E-02,  1.73910E-02,  1.92638E-02,  2.13528E-02,  2.36767E-02,  2.62532E-02,  2.90970E-02,  3.22186E-02,  3.56208E-02,  3.92951E-02,  4.32142E-02,  4.73234E-02,  5.15290E-02,  5.56873E-02,  5.95990E-02,  6.30162E-02,  6.56684E-02,  6.73084E-02,  6.77657E-02,  6.69905E-02,  6.50667E-02,  6.21897E-02,  5.86181E-02,  5.46201E-02,  5.04325E-02,  4.62404E-02,  4.21734E-02,  3.83140E-02,  3.47088E-02,  3.13793E-02,  2.83307E-02,  2.55576E-02,  2.30485E-02,  2.07874E-02,  1.87565E-02,  1.69367E-02,  1.53090E-02,  1.38545E-02,  1.25556E-02,  1.13955E-02,  1.03589E-02,  9.43209E-03,  8.60257E-03,  7.85927E-03,  7.19234E-03,  6.59313E-03,  6.05399E-03,  5.56818E-03,  5.12978E-03,  4.73357E-03,  4.37494E-03,  4.04984E-03,  3.75468E-03,  3.48629E-03,  3.24186E-03,  3.01891E-03,  2.81524E-03,
  2.94837E-03,  3.16026E-03,  3.39193E-03,  3.64558E-03,  3.92369E-03,  4.22904E-03,  4.56477E-03,  4.93439E-03,  5.34186E-03,  5.79165E-03,  6.28876E-03,  6.83883E-03,  7.44819E-03,  8.12396E-03,  8.87410E-03,  9.70751E-03,  1.06341E-02,  1.16647E-02,  1.28114E-02,  1.40870E-02,  1.55053E-02,  1.70805E-02,  1.88274E-02,  2.07601E-02,  2.28921E-02,  2.52347E-02,  2.77961E-02,  3.05792E-02,  3.35794E-02,  3.67806E-02,  4.01502E-02,  4.36329E-02,  4.71430E-02,  5.05593E-02,  5.37237E-02,  5.64491E-02,  5.85398E-02,  5.98218E-02,  6.01779E-02,  5.95739E-02,  5.80673E-02,  5.57933E-02,  5.29347E-02,  4.96877E-02,  4.62332E-02,  4.27200E-02,  3.92599E-02,  3.59298E-02,  3.27785E-02,  2.98338E-02,  2.71083E-02,  2.46044E-02,  2.23176E-02,  2.02386E-02,  1.83556E-02,  1.66547E-02,  1.51217E-02,  1.37419E-02,  1.25012E-02,  1.13859E-02,  1.03834E-02,  9.48212E-03,  8.67129E-03,  7.94131E-03,  7.28356E-03,  6.69027E-03,  6.15456E-03,  5.67028E-03,  5.23196E-03,  4.83474E-03,  4.47431E-03,  4.14681E-03,  3.84883E-03,  3.57734E-03,  3.32964E-03,  3.10331E-03,  2.89623E-03,
  3.02161E-03,  3.23590E-03,  3.46979E-03,  3.72540E-03,  4.00509E-03,  4.31153E-03,  4.64768E-03,  5.01686E-03,  5.42277E-03,  5.86955E-03,  6.36181E-03,  6.90468E-03,  7.50389E-03,  8.16577E-03,  8.89734E-03,  9.70633E-03,  1.06012E-02,  1.15912E-02,  1.26862E-02,  1.38966E-02,  1.52335E-02,  1.67078E-02,  1.83306E-02,  2.01120E-02,  2.20608E-02,  2.41833E-02,  2.64824E-02,  2.89556E-02,  3.15929E-02,  3.43737E-02,  3.72634E-02,  4.02091E-02,  4.31350E-02,  4.59411E-02,  4.85032E-02,  5.06815E-02,  5.23348E-02,  5.33411E-02,  5.36196E-02,  5.31470E-02,  5.19626E-02,  5.01597E-02,  4.78677E-02,  4.52291E-02,  4.23808E-02,  3.94411E-02,  3.65037E-02,  3.36380E-02,  3.08918E-02,  2.82958E-02,  2.58673E-02,  2.36141E-02,  2.15372E-02,  1.96327E-02,  1.78935E-02,  1.63104E-02,  1.48728E-02,  1.35699E-02,  1.23906E-02,  1.13239E-02,  1.03596E-02,  9.48793E-03,  8.69987E-03,  7.98714E-03,  7.34222E-03,  6.75826E-03,  6.22908E-03,  5.74913E-03,  5.31341E-03,  4.91743E-03,  4.55718E-03,  4.22907E-03,  3.92986E-03,  3.65668E-03,  3.40694E-03,  3.17834E-03,  2.96883E-03,
  3.08618E-03,  3.30189E-03,  3.53691E-03,  3.79325E-03,  4.07317E-03,  4.37917E-03,  4.71404E-03,  5.08088E-03,  5.48311E-03,  5.92455E-03,  6.40940E-03,  6.94229E-03,  7.52834E-03,  8.17315E-03,  8.88284E-03,  9.66405E-03,  1.05240E-02,  1.14702E-02,  1.25109E-02,  1.36544E-02,  1.49092E-02,  1.62836E-02,  1.77854E-02,  1.94214E-02,  2.11967E-02,  2.31138E-02,  2.51714E-02,  2.73632E-02,  2.96759E-02,  3.20868E-02,  3.45618E-02,  3.70523E-02,  3.94932E-02,  4.18028E-02,  4.38848E-02,  4.56347E-02,  4.69504E-02,  4.77459E-02,  4.79654E-02,  4.75928E-02,  4.66551E-02,  4.52172E-02,  4.33708E-02,  4.12197E-02,  3.88672E-02,  3.64061E-02,  3.39141E-02,  3.14518E-02,  2.90636E-02,  2.67807E-02,  2.46228E-02,  2.26014E-02,  2.07212E-02,  1.89825E-02,  1.73820E-02,  1.59140E-02,  1.45715E-02,  1.33465E-02,  1.22306E-02,  1.12153E-02,  1.02922E-02,  9.45351E-03,  8.69158E-03,  7.99939E-03,  7.37044E-03,  6.79874E-03,  6.27882E-03,  5.80570E-03,  5.37485E-03,  4.98217E-03,  4.62397E-03,  4.29689E-03,  3.99793E-03,  3.72438E-03,  3.47380E-03,  3.24399E-03,  3.03298E-03,
  3.14211E-03,  3.35833E-03,  3.59344E-03,  3.84937E-03,  4.12824E-03,  4.43239E-03,  4.76443E-03,  5.12721E-03,  5.52388E-03,  5.95793E-03,  6.43314E-03,  6.95366E-03,  7.52403E-03,  8.14913E-03,  8.83426E-03,  9.58507E-03,  1.04075E-02,  1.13080E-02,  1.22928E-02,  1.33686E-02,  1.45418E-02,  1.58183E-02,  1.72034E-02,  1.87012E-02,  2.03137E-02,  2.20405E-02,  2.38775E-02,  2.58159E-02,  2.78407E-02,  2.99290E-02,  3.20485E-02,  3.41562E-02,  3.61972E-02,  3.81054E-02,  3.98062E-02,  4.12215E-02,  4.22770E-02,  4.29116E-02,  4.30862E-02,  4.27897E-02,  4.20407E-02,  4.08850E-02,  3.93880E-02,  3.76257E-02,  3.56761E-02,  3.36118E-02,  3.14963E-02,  2.93811E-02,  2.73067E-02,  2.53025E-02,  2.33893E-02,  2.15803E-02,  1.98830E-02,  1.83005E-02,  1.68323E-02,  1.54759E-02,  1.42268E-02,  1.30796E-02,  1.20281E-02,  1.10658E-02,  1.01863E-02,  9.38307E-03,  8.64992E-03,  7.98093E-03,  7.37056E-03,  6.81362E-03,  6.30531E-03,  5.84119E-03,  5.41723E-03,  5.02969E-03,  4.67520E-03,  4.35068E-03,  4.05335E-03,  3.78067E-03,  3.53035E-03,  3.30033E-03,  3.08874E-03,
  3.18954E-03,  3.40539E-03,  3.63965E-03,  3.89411E-03,  4.17076E-03,  4.47178E-03,  4.79958E-03,  5.15678E-03,  5.54624E-03,  5.97111E-03,  6.43479E-03,  6.94095E-03,  7.49356E-03,  8.09687E-03,  8.75538E-03,  9.47385E-03,  1.02572E-02,  1.11105E-02,  1.20389E-02,  1.30472E-02,  1.41402E-02,  1.53219E-02,  1.65955E-02,  1.79629E-02,  1.94238E-02,  2.09758E-02,  2.26129E-02,  2.43249E-02,  2.60962E-02,  2.79050E-02,  2.97217E-02,  3.15090E-02,  3.32211E-02,  3.48052E-02,  3.62033E-02,  3.73568E-02,  3.82111E-02,  3.87224E-02,  3.88627E-02,  3.86242E-02,  3.80203E-02,  3.70834E-02,  3.58607E-02,  3.44085E-02,  3.27857E-02,  3.10492E-02,  2.92502E-02,  2.74323E-02,  2.56308E-02,  2.38730E-02,  2.21793E-02,  2.05635E-02,  1.90348E-02,  1.75981E-02,  1.62552E-02,  1.50057E-02,  1.38474E-02,  1.27769E-02,  1.17898E-02,  1.08815E-02,  1.00469E-02,  9.28087E-03,  8.57847E-03,  7.93477E-03,  7.34508E-03,  6.80495E-03,  6.31021E-03,  5.85698E-03,  5.44163E-03,  5.06086E-03,  4.71158E-03,  4.39099E-03,  4.09652E-03,  3.82585E-03,  3.57683E-03,  3.34753E-03,  3.13620E-03,
  3.22867E-03,  3.44334E-03,  3.67585E-03,  3.92788E-03,  4.20126E-03,  4.49802E-03,  4.82034E-03,  5.17062E-03,  5.55146E-03,  5.96565E-03,  6.41622E-03,  6.90640E-03,  7.43963E-03,  8.01955E-03,  8.64996E-03,  9.33479E-03,  1.00780E-02,  1.08837E-02,  1.17558E-02,  1.26977E-02,  1.37129E-02,  1.48037E-02,  1.59717E-02,  1.72170E-02,  1.85380E-02,  1.99305E-02,  2.13877E-02,  2.28986E-02,  2.44480E-02,  2.60156E-02,  2.75753E-02,  2.90950E-02,  3.05370E-02,  3.18589E-02,  3.30159E-02,  3.39634E-02,  3.46611E-02,  3.50770E-02,  3.51909E-02,  3.49972E-02,  3.45056E-02,  3.37394E-02,  3.27333E-02,  3.15290E-02,  3.01716E-02,  2.87054E-02,  2.71719E-02,  2.56074E-02,  2.40422E-02,  2.25010E-02,  2.10029E-02,  1.95616E-02,  1.81872E-02,  1.68856E-02,  1.56603E-02,  1.45125E-02,  1.34416E-02,  1.24457E-02,  1.15223E-02,  1.06679E-02,  9.87881E-03,  9.15114E-03,  8.48086E-03,  7.86396E-03,  7.29655E-03,  6.77486E-03,  6.29531E-03,  5.85451E-03,  5.44928E-03,  5.07665E-03,  4.73389E-03,  4.41844E-03,  4.12797E-03,  3.86033E-03,  3.61355E-03,  3.38584E-03,  3.17555E-03,
  3.25975E-03,  3.47251E-03,  3.70247E-03,  3.95119E-03,  4.22037E-03,  4.51185E-03,  4.82763E-03,  5.16986E-03,  5.54087E-03,  5.94315E-03,  6.37935E-03,  6.85229E-03,  7.36492E-03,  7.92032E-03,  8.52165E-03,  9.17212E-03,  9.87494E-03,  1.06332E-02,  1.14497E-02,  1.23271E-02,  1.32674E-02,  1.42717E-02,  1.53405E-02,  1.64725E-02,  1.76650E-02,  1.89131E-02,  2.02091E-02,  2.15423E-02,  2.28983E-02,  2.42587E-02,  2.56006E-02,  2.68969E-02,  2.81165E-02,  2.92258E-02,  3.01896E-02,  3.09740E-02,  3.15487E-02,  3.18901E-02,  3.19835E-02,  3.18247E-02,  3.14208E-02,  3.07889E-02,  2.99548E-02,  2.89498E-02,  2.78084E-02,  2.65656E-02,  2.52547E-02,  2.39055E-02,  2.25443E-02,  2.11926E-02,  1.98678E-02,  1.85834E-02,  1.73491E-02,  1.61720E-02,  1.50562E-02,  1.40042E-02,  1.30166E-02,  1.20929E-02,  1.12315E-02,  1.04304E-02,  9.68686E-03,  8.99797E-03,  8.36059E-03,  7.77152E-03,  7.22755E-03,  6.72554E-03,  6.26244E-03,  5.83533E-03,  5.44143E-03,  5.07814E-03,  4.74301E-03,  4.43376E-03,  4.14827E-03,  3.88458E-03,  3.64090E-03,  3.41556E-03,  3.20704E-03,
  3.28310E-03,  3.49327E-03,  3.71997E-03,  3.96462E-03,  4.22877E-03,  4.51410E-03,  4.82242E-03,  5.15565E-03,  5.51586E-03,  5.90524E-03,  6.32610E-03,  6.78087E-03,  7.27205E-03,  7.80221E-03,  8.37396E-03,  8.98987E-03,  9.65242E-03,  1.03639E-02,  1.11264E-02,  1.19416E-02,  1.28104E-02,  1.37332E-02,  1.47093E-02,  1.57368E-02,  1.68121E-02,  1.79299E-02,  1.90823E-02,  2.02591E-02,  2.14470E-02,  2.26296E-02,  2.37870E-02,  2.48966E-02,  2.59328E-02,  2.68687E-02,  2.76768E-02,  2.83310E-02,  2.88083E-02,  2.90910E-02,  2.91682E-02,  2.90369E-02,  2.87022E-02,  2.81769E-02,  2.74804E-02,  2.66364E-02,  2.56717E-02,  2.46139E-02,  2.34895E-02,  2.23234E-02,  2.11377E-02,  1.99513E-02,  1.87796E-02,  1.76353E-02,  1.65280E-02,  1.54647E-02,  1.44503E-02,  1.34879E-02,  1.25791E-02,  1.17243E-02,  1.09230E-02,  1.01740E-02,  9.47541E-03,  8.82523E-03,  8.22105E-03,  7.66038E-03,  7.14060E-03,  6.65914E-03,  6.21344E-03,  5.80100E-03,  5.41942E-03,  5.06644E-03,  4.73988E-03,  4.43773E-03,  4.15807E-03,  3.89915E-03,  3.65932E-03,  3.43706E-03,  3.23096E-03,
  3.29907E-03,  3.50606E-03,  3.72885E-03,  3.96876E-03,  4.22718E-03,  4.50563E-03,  4.80572E-03,  5.12918E-03,  5.47782E-03,  5.85355E-03,  6.25836E-03,  6.69433E-03,  7.16354E-03,  7.66813E-03,  8.21019E-03,  8.79174E-03,  9.41467E-03,  1.00806E-02,  1.07910E-02,  1.15466E-02,  1.23478E-02,  1.31942E-02,  1.40845E-02,  1.50160E-02,  1.59849E-02,  1.69856E-02,  1.80105E-02,  1.90500E-02,  2.00920E-02,  2.11220E-02,  2.21232E-02,  2.30764E-02,  2.39608E-02,  2.47547E-02,  2.54365E-02,  2.59858E-02,  2.63852E-02,  2.66212E-02,  2.66856E-02,  2.65761E-02,  2.62966E-02,  2.58567E-02,  2.52710E-02,  2.45581E-02,  2.37385E-02,  2.28341E-02,  2.18665E-02,  2.08561E-02,  1.98214E-02,  1.87788E-02,  1.77420E-02,  1.67225E-02,  1.57295E-02,  1.47699E-02,  1.38487E-02,  1.29697E-02,  1.21350E-02,  1.13456E-02,  1.06018E-02,  9.90313E-03,  9.24851E-03,  8.63652E-03,  8.06543E-03,  7.53332E-03,  7.03814E-03,  6.57778E-03,  6.15012E-03,  5.75307E-03,  5.38458E-03,  5.04267E-03,  4.72546E-03,  4.43116E-03,  4.15807E-03,  3.90461E-03,  3.66930E-03,  3.45074E-03,  3.24765E-03,
  3.30805E-03,  3.51133E-03,  3.72967E-03,  3.96424E-03,  4.21634E-03,  4.48729E-03,  4.77856E-03,  5.09164E-03,  5.42812E-03,  5.78966E-03,  6.17796E-03,  6.59475E-03,  7.04178E-03,  7.52077E-03,  8.03338E-03,  8.58114E-03,  9.16544E-03,  9.78740E-03,  1.04478E-02,  1.11469E-02,  1.18846E-02,  1.26599E-02,  1.34709E-02,  1.43148E-02,  1.51874E-02,  1.60833E-02,  1.69952E-02,  1.79144E-02,  1.88299E-02,  1.97291E-02,  2.05976E-02,  2.14195E-02,  2.21777E-02,  2.28546E-02,  2.34333E-02,  2.38976E-02,  2.42342E-02,  2.44327E-02,  2.44868E-02,  2.43948E-02,  2.41596E-02,  2.37886E-02,  2.32931E-02,  2.26873E-02,  2.19875E-02,  2.12111E-02,  2.03755E-02,  1.94975E-02,  1.85927E-02,  1.76751E-02,  1.67569E-02,  1.58483E-02,  1.49579E-02,  1.40922E-02,  1.32566E-02,  1.24546E-02,  1.16890E-02,  1.09613E-02,  1.02722E-02,  9.62190E-03,  9.00983E-03,  8.43516E-03,  7.89668E-03,  7.39298E-03,  6.92247E-03,  6.48347E-03,  6.07426E-03,  5.69309E-03,  5.33823E-03,  5.00799E-03,  4.70074E-03,  4.41490E-03,  4.14899E-03,  3.90158E-03,  3.67135E-03,  3.45704E-03,  3.25749E-03,
  3.31044E-03,  3.50956E-03,  3.72297E-03,  3.95174E-03,  4.19701E-03,  4.45999E-03,  4.74194E-03,  5.04418E-03,  5.36810E-03,  5.71511E-03,  6.08663E-03,  6.48412E-03,  6.90900E-03,  7.36263E-03,  7.84630E-03,  8.36114E-03,  8.90810E-03,  9.48786E-03,  1.01007E-02,  1.07467E-02,  1.14249E-02,  1.21342E-02,  1.28725E-02,  1.36366E-02,  1.44225E-02,  1.52248E-02,  1.60368E-02,  1.68505E-02,  1.76563E-02,  1.84432E-02,  1.91989E-02,  1.99102E-02,  2.05630E-02,  2.11432E-02,  2.16370E-02,  2.20319E-02,  2.23174E-02,  2.24854E-02,  2.25312E-02,  2.24533E-02,  2.22541E-02,  2.19393E-02,  2.15175E-02,  2.10000E-02,  2.03996E-02,  1.97302E-02,  1.90060E-02,  1.82409E-02,  1.74480E-02,  1.66391E-02,  1.58250E-02,  1.50148E-02,  1.42162E-02,  1.34355E-02,  1.26778E-02,  1.19468E-02,  1.12454E-02,  1.05754E-02,  9.93809E-03,  9.33383E-03,  8.76266E-03,  8.22413E-03,  7.71750E-03,  7.24176E-03,  6.79574E-03,  6.37812E-03,  5.98753E-03,  5.62252E-03,  5.28166E-03,  4.96352E-03,  4.66668E-03,  4.38979E-03,  4.13154E-03,  3.89068E-03,  3.66601E-03,  3.45642E-03,  3.26085E-03,
  3.30668E-03,  3.50125E-03,  3.70933E-03,  3.93190E-03,  4.16995E-03,  4.42457E-03,  4.69686E-03,  4.98796E-03,  5.29906E-03,  5.63135E-03,  5.98603E-03,  6.36428E-03,  6.76724E-03,  7.19598E-03,  7.65145E-03,  8.13445E-03,  8.64558E-03,  9.18515E-03,  9.75315E-03,  1.03491E-02,  1.09721E-02,  1.16206E-02,  1.22923E-02,  1.29840E-02,  1.36919E-02,  1.44107E-02,  1.51345E-02,  1.58558E-02,  1.65664E-02,  1.72568E-02,  1.79164E-02,  1.85342E-02,  1.90986E-02,  1.95981E-02,  2.00218E-02,  2.03596E-02,  2.06032E-02,  2.07464E-02,  2.07853E-02,  2.07191E-02,  2.05493E-02,  2.02804E-02,  1.99194E-02,  1.94750E-02,  1.89575E-02,  1.83781E-02,  1.77483E-02,  1.70797E-02,  1.63831E-02,  1.56688E-02,  1.49461E-02,  1.42229E-02,  1.35064E-02,  1.28023E-02,  1.21154E-02,  1.14496E-02,  1.08075E-02,  1.01914E-02,  9.60265E-03,  9.04202E-03,  8.50986E-03,  8.00610E-03,  7.53032E-03,  7.08189E-03,  6.65995E-03,  6.26353E-03,  5.89152E-03,  5.54278E-03,  5.21612E-03,  4.91034E-03,  4.62425E-03,  4.35667E-03,  4.10647E-03,  3.87254E-03,  3.65384E-03,  3.44936E-03,  3.25816E-03,
  3.29721E-03,  3.48690E-03,  3.68934E-03,  3.90538E-03,  4.13592E-03,  4.38190E-03,  4.64428E-03,  4.92405E-03,  5.22220E-03,  5.53974E-03,  5.87766E-03,  6.23691E-03,  6.61837E-03,  7.02286E-03,  7.45106E-03,  7.90348E-03,  8.38042E-03,  8.88194E-03,  9.40773E-03,  9.95711E-03,  1.05289E-02,  1.11215E-02,  1.17324E-02,  1.23587E-02,  1.29964E-02,  1.36410E-02,  1.42868E-02,  1.49273E-02,  1.55553E-02,  1.61624E-02,  1.67398E-02,  1.72783E-02,  1.77683E-02,  1.82003E-02,  1.85656E-02,  1.88560E-02,  1.90651E-02,  1.91878E-02,  1.92212E-02,  1.91644E-02,  1.90189E-02,  1.87881E-02,  1.84774E-02,  1.80940E-02,  1.76460E-02,  1.71425E-02,  1.65930E-02,  1.60069E-02,  1.53936E-02,  1.47616E-02,  1.41190E-02,  1.34729E-02,  1.28296E-02,  1.21944E-02,  1.15718E-02,  1.09654E-02,  1.03781E-02,  9.81196E-03,  9.26862E-03,  8.74910E-03,  8.25396E-03,  7.78341E-03,  7.33733E-03,  6.91536E-03,  6.51694E-03,  6.14133E-03,  5.78773E-03,  5.45520E-03,  5.14280E-03,  4.84953E-03,  4.57438E-03,  4.31636E-03,  4.07449E-03,  3.84781E-03,  3.63539E-03,  3.43635E-03,  3.24984E-03,
  3.28246E-03,  3.46701E-03,  3.66354E-03,  3.87282E-03,  4.09564E-03,  4.33279E-03,  4.58513E-03,  4.85348E-03,  5.13869E-03,  5.44158E-03,  5.76295E-03,  6.10356E-03,  6.46409E-03,  6.84511E-03,  7.24708E-03,  7.67029E-03,  8.11480E-03,  8.58045E-03,  9.06674E-03,  9.57280E-03,  1.00974E-02,  1.06386E-02,  1.11943E-02,  1.17614E-02,  1.23364E-02,  1.29149E-02,  1.34919E-02,  1.40616E-02,  1.46176E-02,  1.51529E-02,  1.56599E-02,  1.61308E-02,  1.65578E-02,  1.69331E-02,  1.72494E-02,  1.75004E-02,  1.76808E-02,  1.77865E-02,  1.78152E-02,  1.77663E-02,  1.76409E-02,  1.74417E-02,  1.71732E-02,  1.68408E-02,  1.64514E-02,  1.60122E-02,  1.55311E-02,  1.50160E-02,  1.44746E-02,  1.39144E-02,  1.33422E-02,  1.27643E-02,  1.21863E-02,  1.16130E-02,  1.10485E-02,  1.04963E-02,  9.95919E-03,  9.43929E-03,  8.93827E-03,  8.45728E-03,  7.99710E-03,  7.55812E-03,  7.14046E-03,  6.74397E-03,  6.36833E-03,  6.01305E-03,  5.67752E-03,  5.36102E-03,  5.06281E-03,  4.78207E-03,  4.51797E-03,  4.26966E-03,  4.03632E-03,  3.81710E-03,  3.61121E-03,  3.41787E-03,  3.23632E-03,
  3.26287E-03,  3.44208E-03,  3.63252E-03,  3.83486E-03,  4.04980E-03,  4.27804E-03,  4.52028E-03,  4.77723E-03,  5.04959E-03,  5.33803E-03,  5.64319E-03,  5.96564E-03,  6.30589E-03,  6.66433E-03,  7.04122E-03,  7.43666E-03,  7.85055E-03,  8.28253E-03,  8.73198E-03,  9.19791E-03,  9.67899E-03,  1.01734E-02,  1.06789E-02,  1.11927E-02,  1.17114E-02,  1.22311E-02,  1.27473E-02,  1.32549E-02,  1.37483E-02,  1.42214E-02,  1.46679E-02,  1.50811E-02,  1.54546E-02,  1.57818E-02,  1.60570E-02,  1.62749E-02,  1.64312E-02,  1.65227E-02,  1.65476E-02,  1.65053E-02,  1.63967E-02,  1.62240E-02,  1.59907E-02,  1.57015E-02,  1.53616E-02,  1.49772E-02,  1.45547E-02,  1.41006E-02,  1.36216E-02,  1.31240E-02,  1.26136E-02,  1.20960E-02,  1.15762E-02,  1.10584E-02,  1.05465E-02,  1.00436E-02,  9.55245E-03,  9.07516E-03,  8.61340E-03,  8.16842E-03,  7.74110E-03,  7.33199E-03,  6.94137E-03,  6.56930E-03,  6.21562E-03,  5.88005E-03,  5.56215E-03,  5.26140E-03,  4.97720E-03,  4.70892E-03,  4.45586E-03,  4.21734E-03,  3.99263E-03,  3.78103E-03,  3.58185E-03,  3.39440E-03,  3.21801E-03,
  3.23888E-03,  3.41258E-03,  3.59680E-03,  3.79210E-03,  3.99909E-03,  4.21837E-03,  4.45054E-03,  4.69619E-03,  4.95588E-03,  5.23016E-03,  5.51952E-03,  5.82439E-03,  6.14511E-03,  6.48192E-03,  6.83494E-03,  7.20410E-03,  7.58917E-03,  7.98968E-03,  8.40488E-03,  8.83375E-03,  9.27489E-03,  9.72656E-03,  1.01866E-02,  1.06523E-02,  1.11207E-02,  1.15881E-02,  1.20506E-02,  1.25037E-02,  1.29424E-02,  1.33617E-02,  1.37559E-02,  1.41197E-02,  1.44474E-02,  1.47339E-02,  1.49743E-02,  1.51642E-02,  1.53003E-02,  1.53799E-02,  1.54015E-02,  1.53647E-02,  1.52702E-02,  1.51199E-02,  1.49164E-02,  1.46636E-02,  1.43659E-02,  1.40283E-02,  1.36561E-02,  1.32548E-02,  1.28300E-02,  1.23870E-02,  1.19310E-02,  1.14668E-02,  1.09988E-02,  1.05307E-02,  1.00662E-02,  9.60814E-03,  9.15902E-03,  8.72092E-03,  8.29549E-03,  7.88402E-03,  7.48747E-03,  7.10651E-03,  6.74153E-03,  6.39273E-03,  6.06012E-03,  5.74355E-03,  5.44276E-03,  5.15737E-03,  4.88693E-03,  4.63095E-03,  4.38886E-03,  4.16011E-03,  3.94408E-03,  3.74019E-03,  3.54782E-03,  3.36640E-03,  3.19533E-03,
  3.21090E-03,  3.37900E-03,  3.55690E-03,  3.74511E-03,  3.94414E-03,  4.15450E-03,  4.37670E-03,  4.61120E-03,  4.85849E-03,  5.11897E-03,  5.39301E-03,  5.68092E-03,  5.98292E-03,  6.29911E-03,  6.62948E-03,  6.97387E-03,  7.33192E-03,  7.70308E-03,  8.08654E-03,  8.48124E-03,  8.88580E-03,  9.29852E-03,  9.71735E-03,  1.01398E-02,  1.05632E-02,  1.09842E-02,  1.13992E-02,  1.18043E-02,  1.21953E-02,  1.25677E-02,  1.29168E-02,  1.32379E-02,  1.35265E-02,  1.37782E-02,  1.39889E-02,  1.41552E-02,  1.42742E-02,  1.43437E-02,  1.43626E-02,  1.43305E-02,  1.42479E-02,  1.41164E-02,  1.39383E-02,  1.37165E-02,  1.34548E-02,  1.31573E-02,  1.28284E-02,  1.24728E-02,  1.20952E-02,  1.17001E-02,  1.12920E-02,  1.08751E-02,  1.04531E-02,  1.00297E-02,  9.60792E-03,  9.19046E-03,  8.77967E-03,  8.37753E-03,  7.98564E-03,  7.60529E-03,  7.23747E-03,  6.88293E-03,  6.54217E-03,  6.21547E-03,  5.90298E-03,  5.60466E-03,  5.32038E-03,  5.04990E-03,  4.79289E-03,  4.54898E-03,  4.31772E-03,  4.09865E-03,  3.89129E-03,  3.69512E-03,  3.50964E-03,  3.33434E-03,  3.16871E-03,
  3.17934E-03,  3.34177E-03,  3.51333E-03,  3.69444E-03,  3.88555E-03,  4.08708E-03,  4.29944E-03,  4.52304E-03,  4.75822E-03,  5.00531E-03,  5.26458E-03,  5.53621E-03,  5.82032E-03,  6.11693E-03,  6.42591E-03,  6.74700E-03,  7.07979E-03,  7.42365E-03,  7.77775E-03,  8.14102E-03,  8.51212E-03,  8.88941E-03,  9.27098E-03,  9.65457E-03,  1.00376E-02,  1.04172E-02,  1.07903E-02,  1.11532E-02,  1.15023E-02,  1.18339E-02,  1.21438E-02,  1.24282E-02,  1.26832E-02,  1.29050E-02,  1.30905E-02,  1.32366E-02,  1.33410E-02,  1.34019E-02,  1.34185E-02,  1.33903E-02,  1.33179E-02,  1.32025E-02,  1.30459E-02,  1.28507E-02,  1.26199E-02,  1.23569E-02,  1.20655E-02,  1.17495E-02,  1.14130E-02,  1.10599E-02,  1.06940E-02,  1.03190E-02,  9.93816E-03,  9.55471E-03,  9.17141E-03,  8.79075E-03,  8.41489E-03,  8.04569E-03,  7.68469E-03,  7.33316E-03,  6.99211E-03,  6.66231E-03,  6.34433E-03,  6.03856E-03,  5.74520E-03,  5.46434E-03,  5.19593E-03,  4.93986E-03,  4.69589E-03,  4.46376E-03,  4.24312E-03,  4.03361E-03,  3.83484E-03,  3.64637E-03,  3.46779E-03,  3.29865E-03,  3.13852E-03,
  3.14459E-03,  3.30133E-03,  3.46654E-03,  3.64060E-03,  3.82386E-03,  4.01670E-03,  4.21943E-03,  4.43238E-03,  4.65582E-03,  4.88998E-03,  5.13504E-03,  5.39111E-03,  5.65821E-03,  5.93626E-03,  6.22508E-03,  6.52434E-03,  6.83356E-03,  7.15209E-03,  7.47909E-03,  7.81349E-03,  8.15401E-03,  8.49910E-03,  8.84698E-03,  9.19558E-03,  9.54257E-03,  9.88538E-03,  1.02212E-02,  1.05469E-02,  1.08594E-02,  1.11553E-02,  1.14311E-02,  1.16837E-02,  1.19096E-02,  1.21058E-02,  1.22695E-02,  1.23983E-02,  1.24903E-02,  1.25440E-02,  1.25585E-02,  1.25338E-02,  1.24700E-02,  1.23683E-02,  1.22302E-02,  1.20578E-02,  1.18535E-02,  1.16204E-02,  1.13615E-02,  1.10801E-02,  1.07795E-02,  1.04633E-02,  1.01346E-02,  9.79674E-03,  9.45258E-03,  9.10493E-03,  8.75631E-03,  8.40897E-03,  8.06490E-03,  7.72584E-03,  7.39325E-03,  7.06836E-03,  6.75218E-03,  6.44549E-03,  6.14891E-03,  5.86287E-03,  5.58765E-03,  5.32342E-03,  5.07023E-03,  4.82801E-03,  4.59666E-03,  4.37598E-03,  4.16571E-03,  3.96558E-03,  3.77527E-03,  3.59444E-03,  3.42272E-03,  3.25975E-03,  3.10516E-03,
  3.10703E-03,  3.25808E-03,  3.41699E-03,  3.58406E-03,  3.75961E-03,  3.94392E-03,  4.13726E-03,  4.33987E-03,  4.55196E-03,  4.77368E-03,  5.00513E-03,  5.24636E-03,  5.49731E-03,  5.75784E-03,  6.02771E-03,  6.30654E-03,  6.59383E-03,  6.88890E-03,  7.19091E-03,  7.49883E-03,  7.81143E-03,  8.12727E-03,  8.44470E-03,  8.76182E-03,  9.07654E-03,  9.38654E-03,  9.68932E-03,  9.98223E-03,  1.02624E-02,  1.05271E-02,  1.07733E-02,  1.09982E-02,  1.11989E-02,  1.13730E-02,  1.15180E-02,  1.16320E-02,  1.17132E-02,  1.17607E-02,  1.17735E-02,  1.17516E-02,  1.16953E-02,  1.16054E-02,  1.14832E-02,  1.13304E-02,  1.11492E-02,  1.09419E-02,  1.07112E-02,  1.04599E-02,  1.01909E-02,  9.90712E-03,  9.61138E-03,  9.30647E-03,  8.99501E-03,  8.67945E-03,  8.36206E-03,  8.04487E-03,  7.72972E-03,  7.41821E-03,  7.11171E-03,  6.81142E-03,  6.51830E-03,  6.23316E-03,  5.95661E-03,  5.68914E-03,  5.43108E-03,  5.18265E-03,  4.94397E-03,  4.71505E-03,  4.49585E-03,  4.28625E-03,  4.08607E-03,  3.89511E-03,  3.71310E-03,  3.53979E-03,  3.37487E-03,  3.21804E-03,  3.06898E-03,
